([1, 0, -1, 0, 0, 1, 0, 0, 0, 0], [3, 0, 7, 1, 0, 1, 1, 1, 1])
([-1, 0, -1, 0, 0, 1, 0, 0, 0, 1], [5, 0, 5, 5, 0, 8, 5, 7, 0])
([1, 0, -1, 0, 0, 1, -1, 0, 0, 1], [1, 0, 1, 9, 0, 0, 1, 1, 0])
([-1, 0, -1, 1, 0, 1, -1, 0, 0, 1], [3, 0, 0, 4, 0, 0, 2, 2, 0])
([1, 0, -1, 1, -1, 1, -1, 0, 0, 1], [1, 0, 0, 0, 0, 0, 3, 1, 0])
([1, 0, 0, 0, 0, 0, 0, 0, 0, 0], [9, 3, 40, 1, 2, 1, 1, 1, 1])
([-1, 0, 0, 1, 0, 0, 0, 0, 0, 0], [4, 5, 0, 2, 5, 2, 3, 2, 2])
([1, -1, 0, 1, 0, 0, 0, 0, 0, 0], [0, 3, 0, 8, 1, 1, 1, 1, 1])
([-1, -1, 0, 1, 1, 0, 0, 0, 0, 0], [0, 3, 0, 0, 4, 2, 2, 2, 2])
([1, -1, 0, 1, 1, -1, 0, 0, 0, 0], [0, 15, 0, 0, 0, 1, 1, 1, 1])
([1, 0, 0, 0, 0, 0, 0, 0, 0, 0], [1, 1, 1, 43, 1, 1, 1, 1, 1])
([-1, 0, 0, 0, 1, 0, 0, 0, 0, 0], [4, 7, 11, 0, 7, 4, 4, 7, 5])
([1, 0, 0, 0, 1, -1, 0, 0, 0, 0], [2, 5, 2, 0, 0, 2, 13, 1, 1])
([-1, 0, 0, 0, 1, -1, 0, 1, 0, 0], [2, 2, 2, 0, 0, 2, 0, 5, 1])
([1, -1, 0, 0, 1, -1, 0, 1, 0, 0], [0, 1, 1, 0, 0, 3, 0, 1, 1])
([-1, -1, 0, 0, 1, -1, 0, 1, 0, 1], [0, 2, 2, 0, 0, 2, 0, 3, 0])
([1, -1, 0, -1, 1, -1, 0, 1, 0, 1], [0, 1, 0, 0, 0, 3, 0, 1, 0])
([1, 0, 0, 0, 0, 0, 0, 0, 0, 0], [9, 73, 1, 1, 1, 1, 11, 1, 1])
([-1, 0, 1, 0, 0, 0, 0, 0, 0, 0], [7, 0, 27, 13, 13, 5, 7, 5, 7])
([1, 0, 1, 0, 0, -1, 0, 0, 0, 0], [2, 0, 38, 1, 0, 1, 2, 1, 1])
([-1, 0, 1, 1, 0, -1, 0, 0, 0, 0], [16, 0, 0, 15, 0, 15, 14, 14, 14])
([1, 0, 1, 1, 0, -1, 0, -1, 0, 0], [1, 0, 0, 1, 0, 1, 0, 20, 1])
([-1, 0, 1, 1, 0, -1, 0, -1, 1, 0], [6, 0, 0, 4, 0, 4, 0, 0, 4])
([1, 0, 1, 1, -1, -1, 0, -1, 1, 0], [6, 0, 0, 0, 0, 1, 0, 0, 1])
([1, 0, 0, 0, 0, 0, 0, 0, 0, 0], [16, 3, 2, 2, 11, 1, 12, 1, 1])
([-1, 0, 0, 0, 1, 0, 0, 0, 0, 0], [8, 8, 12, 0, 8, 14, 8, 19, 12])
([1, -1, 0, 0, 1, 0, 0, 0, 0, 0], [0, 1, 1, 0, 1, 1, 1, 34, 1])
([-1, -1, 0, 0, 1, 0, 0, 0, 1, 0], [0, 3, 2, 0, 2, 6, 2, 0, 2])
([1, -1, 0, 0, 1, 0, -1, 0, 1, 0], [0, 2, 6, 0, 1, 0, 2, 0, 1])
([-1, -1, 0, 1, 1, 0, -1, 0, 1, 0], [0, 3, 0, 0, 2, 0, 2, 0, 2])
([1, -1, 0, 1, 1, 0, -1, 0, 1, -1], [0, 1, 0, 0, 5, 0, 1, 0, 0])
([1, 0, 0, 0, 0, 0, 0, 0, 0, 0], [3, 56, 3, 1, 1, 1, 1, 1, 1])
([-1, 0, 1, 0, 0, 0, 0, 0, 0, 0], [5, 0, 41, 23, 11, 5, 7, 5, 11])
([1, 0, 1, 0, 0, 0, 0, 0, 0, -1], [1, 0, 84, 1, 1, 1, 1, 1, 0])
([-1, 0, 1, 0, 0, 1, 0, 0, 0, -1], [4, 0, 5, 4, 0, 5, 4, 4, 0])
([1, 0, 1, 0, 0, 1, 0, -1, 0, -1], [1, 0, 1, 4, 0, 1, 0, 1, 0])
([-1, 0, 1, 0, 1, 1, 0, -1, 0, -1], [2, 0, 2, 0, 0, 1, 0, 1, 0])
([1, -1, 1, 0, 1, 1, 0, -1, 0, -1], [0, 0, 1, 0, 0, 1, 0, 4, 0])
([-1, -1, 1, 0, 1, 1, 0, -1, 1, -1], [0, 0, 2, 0, 0, 2, 0, 0, 0])
([1, -1, 1, 0, 1, 1, -1, -1, 1, -1], [0, 0, 3, 0, 0, 0, 0, 0, 0])
([1, 0, 0, 0, 0, 0, 0, 0, 0, 0], [1, 1, 50, 1, 1, 1, 1, 1, 1])
([-1, 0, 0, 1, 0, 0, 0, 0, 0, 0], [4, 5, 0, 2, 2, 2, 2, 2, 2])
([1, 0, 0, 1, 0, 0, 0, 0, 0, -1], [1, 1, 0, 1, 1, 11, 1, 1, 0])
([-1, 0, 0, 1, 0, 0, 1, 0, 0, -1], [2, 3, 0, 1, 1, 0, 1, 1, 0])
([1, 0, 0, 1, -1, 0, 1, 0, 0, -1], [6, 3, 0, 0, 1, 0, 1, 1, 0])
([-1, 1, 0, 1, -1, 0, 1, 0, 0, -1], [0, 4, 0, 0, 2, 0, 2, 2, 0])
([1, 1, 0, 1, -1, -1, 1, 0, 0, -1], [0, 6, 0, 0, 0, 0, 1, 1, 0])
([1, 0, 0, 0, 0, 0, 0, 0, 0, 0], [7, 70, 1, 1, 1, 5, 1, 1, 1])
([-1, 0, 1, 0, 0, 0, 0, 0, 0, 0], [9, 0, 6, 9, 4, 4, 4, 4, 7])
([1, -1, 1, 0, 0, 0, 0, 0, 0, 0], [0, 0, 2, 19, 1, 1, 2, 1, 1])
([-1, -1, 1, 0, 1, 0, 0, 0, 0, 0], [0, 0, 8, 0, 2, 1, 1, 1, 1])
([1, -1, 1, 0, 1, 0, -1, 0, 0, 0], [0, 0, 18, 0, 5, 0, 1, 1, 1])
([-1, -1, 1, 0, 1, 0, -1, 0, 1, 0], [0, 0, 3, 0, 3, 0, 5, 0, 3])
([1, -1, 1, 0, 1, 0, -1, 0, 1, -1], [0, 0, 1, 0, 1, 0, 4, 0, 0])
([1, 0, 0, 0, 0, 0, 0, 0, 0, 0], [1, 1, 1, 1, 77, 1, 1, 1, 1])
([-1, 0, 0, 0, 0, 1, 0, 0, 0, 0], [7, 7, 7, 11, 0, 11, 12, 9, 7])
([1, -1, 0, 0, 0, 1, 0, 0, 0, 0], [0, 25, 1, 1, 0, 1, 1, 1, 1])
([-1, -1, 1, 0, 0, 1, 0, 0, 0, 0], [0, 0, 4, 4, 0, 7, 5, 4, 3])
([1, -1, 1, 0, 0, 1, -1, 0, 0, 0], [0, 0, 17, 1, 0, 0, 5, 1, 1])
([-1, -1, 1, 1, 0, 1, -1, 0, 0, 0], [0, 0, 0, 5, 0, 0, 4, 4, 4])
([1, -1, 1, 1, 0, 1, -1, 0, 0, -1], [0, 0, 0, 1, 0, 0, 6, 1, 0])
([1, 0, 0, 0, 0, 0, 0, 0, 0, 0], [1, 1, 1, 51, 1, 1, 1, 1, 1])
([-1, 0, 0, 0, 1, 0, 0, 0, 0, 0], [5, 5, 17, 0, 7, 3, 3, 11, 3])
([1, 0, 0, 0, 1, 0, 0, -1, 0, 0], [10, 1, 1, 0, 1, 1, 0, 1, 3])
([-1, 1, 0, 0, 1, 0, 0, -1, 0, 0], [0, 2, 5, 0, 1, 1, 0, 1, 1])
([1, 1, 0, -1, 1, 0, 0, -1, 0, 0], [0, 2, 0, 0, 3, 1, 0, 2, 1])
([-1, 1, 0, -1, 1, 1, 0, -1, 0, 0], [0, 2, 0, 0, 0, 3, 0, 1, 1])
([1, 1, 0, -1, 1, 1, 0, -1, 0, -1], [0, 1, 0, 0, 0, 5, 0, 1, 0])
([1, 0, 0, 0, 0, 0, 0, 0, 0, 0], [1, 1, 35, 1, 1, 1, 1, 1, 1])
([-1, 0, 0, 0, 0, 0, 1, 0, 0, 0], [7, 14, 7, 16, 22, 0, 11, 14, 9])
([1, 0, 0, 0, 0, 0, 1, -1, 0, 0], [2, 3, 2, 5, 1, 0, 0, 1, 1])
([-1, 0, 0, 0, 0, 1, 1, -1, 0, 0], [2, 2, 5, 1, 0, 0, 0, 1, 1])
([1, 0, 0, -1, 0, 1, 1, -1, 0, 0], [5, 1, 0, 1, 0, 0, 0, 1, 1])
([-1, 0, 0, -1, 0, 1, 1, -1, 0, 1], [2, 4, 0, 2, 0, 0, 0, 2, 0])
([1, 0, 0, -1, 0, 1, 1, -1, -1, 1], [1, 4, 0, 1, 0, 0, 0, 0, 0])
([-1, 0, 1, -1, 0, 1, 1, -1, -1, 1], [2, 0, 0, 2, 0, 0, 0, 0, 0])
([1, 0, 1, -1, -1, 1, 1, -1, -1, 1], [1, 0, 0, 0, 0, 0, 0, 0, 0])
([1, 0, 0, 0, 0, 0, 0, 0, 0, 0], [1, 1, 34, 1, 1, 1, 1, 1, 1])
([-1, 0, 0, 1, 0, 0, 0, 0, 0, 0], [9, 9, 0, 10, 8, 8, 22, 8, 8])
([1, 0, 0, 1, 0, -1, 0, 0, 0, 0], [1, 89, 0, 1, 0, 1, 1, 1, 1])
([-1, 0, 1, 1, 0, -1, 0, 0, 0, 0], [9, 0, 0, 7, 0, 7, 7, 7, 7])
([1, 0, 1, 1, 0, -1, 0, 0, -1, 0], [20, 0, 0, 1, 0, 1, 1, 0, 1])
([1, 0, 0, 0, 0, 0, 0, 0, 0, 0], [1, 1, 1, 48, 1, 1, 1, 1, 1])
([-1, 0, 0, 0, 1, 0, 0, 0, 0, 0], [3, 3, 3, 0, 3, 5, 10, 4, 6])
([1, 0, 0, 0, 1, 0, 0, 0, 0, -1], [1, 1, 1, 0, 43, 1, 1, 1, 0])
([-1, 0, 0, 0, 1, 1, 0, 0, 0, -1], [5, 4, 5, 0, 0, 4, 4, 4, 0])
([1, 0, 0, 0, 1, 1, 0, 0, -1, -1], [4, 1, 1, 0, 0, 1, 1, 0, 0])
([-1, 1, 0, 0, 1, 1, 0, 0, -1, -1], [0, 3, 2, 0, 0, 2, 2, 0, 0])
([1, 1, 0, -1, 1, 1, 0, 0, -1, -1], [0, 1, 0, 0, 0, 4, 1, 0, 0])
([-1, 1, 0, -1, 1, 1, 0, 1, -1, -1], [0, 2, 0, 0, 0, 3, 0, 0, 0])
([1, 0, 0, 0, 0, 0, 0, 0, 0, 0], [1, 1, 1, 1, 1, 1, 82, 1, 1])
([-1, 0, 0, 0, 0, 0, 0, 1, 0, 0], [3, 4, 3, 4, 3, 2, 0, 2, 2])
([1, 0, 0, 0, 0, 0, -1, 1, 0, 0], [1, 1, 40, 1, 1, 0, 0, 1, 1])
([-1, 0, 0, 1, 0, 0, -1, 1, 0, 0], [3, 3, 0, 2, 2, 0, 0, 2, 2])
([1, 0, 0, 1, 0, -1, -1, 1, 0, 0], [1, 19, 0, 1, 0, 0, 0, 1, 1])
([-1, 0, 1, 1, 0, -1, -1, 1, 0, 0], [3, 0, 0, 2, 0, 0, 0, 2, 2])
([1, 0, 1, 1, 0, -1, -1, 1, -1, 0], [6, 0, 0, 1, 0, 0, 0, 0, 1])
([1, 0, 0, 0, 0, 0, 0, 0, 0, 0], [2, 2, 5, 2, 84, 1, 1, 1, 1])
([-1, 0, 0, 1, 0, 0, 0, 0, 0, 0], [11, 10, 0, 9, 9, 11, 11, 13, 9])
([1, 0, 0, 1, 0, 0, 0, 0, -1, 0], [1, 87, 0, 1, 1, 1, 1, 0, 1])
([-1, 0, 1, 1, 0, 0, 0, 0, -1, 0], [16, 0, 0, 16, 15, 15, 14, 0, 14])
([1, 0, 1, 1, 0, 0, -1, 0, -1, 0], [1, 0, 0, 1, 20, 0, 1, 0, 1])
([-1, 0, 1, 1, 0, 1, -1, 0, -1, 0], [5, 0, 0, 5, 0, 0, 5, 0, 5])
([1, -1, 1, 1, 0, 1, -1, 0, -1, 0], [0, 0, 0, 1, 0, 0, 6, 0, 1])
([1, 0, 0, 0, 0, 0, 0, 0, 0, 0], [3, 5, 2, 36, 1, 1, 1, 1, 1])
([-1, 0, 0, 0, 1, 0, 0, 0, 0, 0], [2, 4, 2, 0, 1, 1, 1, 1, 1])
([1, 0, -1, 0, 1, 0, 0, 0, 0, 0], [1, 0, 1, 0, 1, 1, 14, 1, 1])
([-1, 0, -1, 0, 1, 0, 0, 1, 0, 0], [2, 0, 2, 0, 2, 2, 0, 3, 1])
([1, 0, -1, 0, 1, 0, -1, 1, 0, 0], [1, 0, 1, 0, 10, 0, 0, 1, 1])
([-1, 0, -1, 0, 1, 1, -1, 1, 0, 0], [2, 0, 2, 0, 0, 0, 0, 2, 4])
([1, 0, -1, 0, 1, 1, -1, 1, 0, -1], [1, 0, 3, 0, 0, 0, 0, 1, 0])
([-1, 0, -1, 0, 1, 1, -1, 1, 1, -1], [2, 0, 4, 0, 0, 0, 0, 0, 0])
([1, 0, 0, 0, 0, 0, 0, 0, 0, 0], [1, 1, 1, 1, 1, 46, 1, 1, 1])
([-1, 0, 0, 0, 0, 0, 1, 0, 0, 0], [10, 11, 13, 15, 6, 0, 10, 10, 12])
([1, 0, 0, 0, 0, -1, 1, 0, 0, 0], [2, 2, 3, 9, 0, 0, 1, 1, 1])
([-1, 0, 0, 0, 1, -1, 1, 0, 0, 0], [4, 3, 2, 0, 0, 0, 2, 2, 2])
([1, 0, 0, 0, 1, -1, 1, -1, 0, 0], [1, 4, 1, 0, 0, 0, 0, 1, 1])
([-1, 0, 1, 0, 1, -1, 1, -1, 0, 0], [2, 0, 2, 0, 0, 0, 0, 1, 1])
([1, 0, 1, 0, 1, -1, 1, -1, -1, 0], [1, 0, 6, 0, 0, 0, 0, 0, 1])
([1, 0, 0, 0, 0, 0, 0, 0, 0, 0], [1, 1, 12, 1, 1, 1, 1, 1, 1])
([-1, 0, 0, 1, 0, 0, 0, 0, 0, 0], [5, 6, 0, 6, 5, 5, 5, 6, 7])
([1, 0, -1, 1, 0, 0, 0, 0, 0, 0], [2, 0, 0, 2, 1, 1, 1, 1, 1])
([-1, 0, -1, 1, 1, 0, 0, 0, 0, 0], [1, 0, 0, 0, 1, 1, 1, 1, 1])
([1, -1, -1, 1, 1, 0, 0, 0, 0, 0], [0, 0, 0, 0, 3, 1, 1, 1, 1])
([1, 0, 0, 0, 0, 0, 0, 0, 0, 0], [2, 7, 3, 3, 31, 1, 1, 1, 1])
([-1, 0, 0, 0, 0, 0, 0, 0, 0, 1], [3, 7, 57, 2, 5, 2, 3, 2, 0])
([1, 0, 0, 0, 0, 0, 0, 0, -1, 1], [1, 1, 1, 1, 27, 1, 1, 0, 0])
([-1, 0, 0, 0, 0, 1, 0, 0, -1, 1], [4, 3, 3, 3, 0, 3, 3, 0, 0])
([1, 0, 0, 0, 0, 1, -1, 0, -1, 1], [3, 3, 7, 1, 0, 0, 1, 0, 0])
([-1, 1, 0, 0, 0, 1, -1, 0, -1, 1], [0, 2, 9, 5, 0, 0, 2, 0, 0])
([1, 0, 0, 0, 0, 0, 0, 0, 0, 0], [1, 50, 1, 1, 1, 1, 1, 1, 1])
([-1, 0, 1, 0, 0, 0, 0, 0, 0, 0], [5, 0, 16, 6, 5, 5, 6, 17, 4])
([1, 0, 1, 0, 0, 0, 0, 0, -1, 0], [1, 0, 71, 1, 1, 1, 1, 0, 1])
([-1, 0, 1, 1, 0, 0, 0, 0, -1, 0], [17, 0, 0, 16, 16, 16, 16, 0, 16])
([1, 0, 1, 1, 0, 0, 0, 0, -1, -1], [18, 0, 0, 1, 1, 1, 1, 0, 0])
([1, 0, 0, 0, 0, 0, 0, 0, 0, 0], [1, 1, 1, 47, 1, 1, 1, 1, 1])
([-1, 0, 0, 0, 0, 0, 1, 0, 0, 0], [2, 2, 2, 3, 3, 0, 21, 2, 2])
([1, 0, 0, 0, 0, 0, 1, -1, 0, 0], [1, 1, 1, 13, 1, 0, 0, 1, 1])
([-1, 0, 0, 0, 1, 0, 1, -1, 0, 0], [1, 1, 1, 0, 1, 0, 0, 5, 1])
([1, 0, 0, 0, 1, 0, 1, -1, -1, 0], [1, 1, 1, 0, 12, 0, 0, 0, 1])
([-1, 1, 0, 0, 1, 0, 1, -1, -1, 0], [0, 3, 1, 0, 1, 0, 0, 0, 1])
([1, 1, 0, -1, 1, 0, 1, -1, -1, 0], [0, 1, 0, 0, 5, 0, 0, 0, 1])
([1, 0, 0, 0, 0, 0, 0, 0, 0, 0], [1, 1, 1, 1, 48, 1, 1, 1, 1])
([-1, 0, 0, 0, 0, 1, 0, 0, 0, 0], [5, 7, 4, 4, 0, 8, 4, 6, 6])
([1, 0, 0, -1, 0, 1, 0, 0, 0, 0], [1, 1, 0, 1, 0, 16, 1, 1, 1])
([-1, 0, 0, -1, 0, 1, 1, 0, 0, 0], [3, 3, 0, 3, 0, 0, 2, 2, 2])
([1, 0, -1, -1, 0, 1, 1, 0, 0, 0], [5, 0, 0, 1, 0, 0, 1, 1, 1])
([-1, 1, -1, -1, 0, 1, 1, 0, 0, 0], [0, 0, 0, 3, 0, 0, 2, 2, 2])
([1, 1, -1, -1, 0, 1, 1, 0, -1, 0], [0, 0, 0, 1, 0, 0, 1, 0, 6])
([-1, 1, -1, -1, 0, 1, 1, 0, -1, 1], [0, 0, 0, 3, 0, 0, 2, 0, 0])
([1, 1, -1, -1, -1, 1, 1, 0, -1, 1], [0, 0, 0, 0, 0, 0, 3, 0, 0])
([1, 0, 0, 0, 0, 0, 0, 0, 0, 0], [2, 3, 79, 1, 3, 1, 1, 1, 1])
([-1, 0, 0, 1, 0, 0, 0, 0, 0, 0], [3, 10, 0, 7, 7, 3, 3, 5, 3])
([1, 0, 0, 1, 0, 0, 0, 0, -1, 0], [1, 39, 0, 1, 1, 1, 1, 0, 1])
([-1, 0, 1, 1, 0, 0, 0, 0, -1, 0], [17, 0, 0, 16, 16, 15, 15, 0, 15])
([1, 0, 1, 1, 0, 0, 0, -1, -1, 0], [1, 0, 0, 20, 1, 1, 0, 0, 1])
([1, 0, 0, 0, 0, 0, 0, 0, 0, 0], [1, 1, 1, 1, 68, 1, 1, 1, 1])
([-1, 0, 0, 0, 0, 1, 0, 0, 0, 0], [3, 3, 5, 8, 0, 3, 3, 5, 3])
([1, 0, 0, 0, -1, 1, 0, 0, 0, 0], [1, 1, 1, 0, 0, 26, 1, 1, 1])
([-1, 0, 0, 0, -1, 1, 1, 0, 0, 0], [4, 3, 3, 0, 0, 0, 2, 4, 2])
([1, 0, 0, 0, -1, 1, 1, -1, 0, 0], [12, 1, 1, 0, 0, 0, 0, 1, 1])
([-1, 0, 0, 1, -1, 1, 1, -1, 0, 0], [9, 2, 0, 0, 0, 0, 0, 2, 2])
([1, 0, 0, 0, 0, 0, 0, 0, 0, 0], [2, 2, 18, 1, 1, 1, 1, 1, 1])
([-1, 0, 0, 0, 1, 0, 0, 0, 0, 0], [7, 11, 14, 0, 7, 18, 10, 7, 9])
([1, 0, 0, -1, 1, 0, 0, 0, 0, 0], [2, 2, 0, 0, 28, 1, 1, 1, 1])
([-1, 0, 0, -1, 1, 1, 0, 0, 0, 0], [4, 3, 0, 0, 0, 2, 2, 2, 2])
([1, 0, 0, -1, 1, 1, 0, -1, 0, 0], [1, 1, 0, 0, 0, 8, 0, 1, 1])
([1, 0, 0, 0, 0, 0, 0, 0, 0, 0], [14, 2, 70, 1, 1, 1, 1, 1, 1])
([-1, 0, 0, 1, 0, 0, 0, 0, 0, 0], [10, 6, 0, 10, 8, 6, 9, 8, 6])
([1, 0, 0, 1, 0, 0, 0, 0, 0, -1], [41, 1, 0, 1, 1, 1, 1, 1, 0])
([-1, 1, 0, 1, 0, 0, 0, 0, 0, -1], [0, 3, 0, 1, 2, 1, 1, 1, 0])
([1, 1, -1, 1, 0, 0, 0, 0, 0, -1], [0, 0, 0, 2, 1, 1, 2, 1, 0])
([-1, 1, -1, 1, 1, 0, 0, 0, 0, -1], [0, 0, 0, 0, 1, 1, 1, 1, 0])
([1, 1, -1, 1, 1, -1, 0, 0, 0, -1], [0, 0, 0, 0, 0, 1, 3, 1, 0])
([-1, 1, -1, 1, 1, -1, 0, 1, 0, -1], [0, 0, 0, 0, 0, 1, 0, 1, 0])
([1, 0, 0, 0, 0, 0, 0, 0, 0, 0], [1, 1, 1, 1, 29, 1, 1, 1, 1])
([-1, 0, 0, 1, 0, 0, 0, 0, 0, 0], [4, 6, 0, 5, 7, 5, 5, 5, 3])
([1, 0, 0, 1, 0, 0, 0, -1, 0, 0], [1, 45, 0, 1, 1, 1, 0, 1, 1])
([-1, 0, 1, 1, 0, 0, 0, -1, 0, 0], [17, 0, 0, 16, 15, 15, 0, 15, 15])
([1, 0, 1, 1, 0, 0, 0, -1, 0, -1], [19, 0, 0, 1, 1, 1, 0, 1, 0])
([1, 0, 0, 0, 0, 0, 0, 0, 0, 0], [2, 2, 11, 1, 1, 1, 1, 1, 1])
([-1, 0, 0, 1, 0, 0, 0, 0, 0, 0], [3, 3, 0, 2, 1, 1, 1, 1, 1])
([1, 0, 0, 1, -1, 0, 0, 0, 0, 0], [23, 1, 0, 0, 1, 1, 1, 1, 1])
([-1, 1, 0, 1, -1, 0, 0, 0, 0, 0], [0, 4, 0, 0, 3, 3, 3, 3, 3])
([1, 1, 0, 1, -1, 0, 0, 0, -1, 0], [0, 20, 0, 0, 1, 1, 1, 0, 1])
([1, 0, 0, 0, 0, 0, 0, 0, 0, 0], [1, 1, 1, 1, 79, 1, 1, 1, 1])
([-1, 0, 0, 0, 0, 1, 0, 0, 0, 0], [21, 10, 9, 9, 0, 31, 17, 11, 13])
([1, 0, 0, 0, 0, 1, 0, 0, -1, 0], [1, 4, 1, 1, 0, 1, 1, 0, 1])
([-1, 1, 0, 0, 0, 1, 0, 0, -1, 0], [0, 5, 4, 4, 0, 4, 4, 0, 3])
([1, 1, 0, -1, 0, 1, 0, 0, -1, 0], [0, 1, 0, 1, 0, 12, 1, 0, 1])
([-1, 1, 0, -1, 0, 1, 1, 0, -1, 0], [0, 3, 0, 2, 0, 0, 2, 0, 2])
([1, 1, 0, -1, -1, 1, 1, 0, -1, 0], [0, 3, 0, 0, 0, 0, 2, 0, 1])
([1, 0, 0, 0, 0, 0, 0, 0, 0, 0], [2, 11, 13, 1, 1, 1, 1, 1, 1])
([-1, 0, 1, 0, 0, 0, 0, 0, 0, 0], [13, 0, 15, 8, 15, 4, 8, 8, 4])
([1, 0, 1, 0, -1, 0, 0, 0, 0, 0], [18, 0, 2, 0, 35, 1, 1, 1, 1])
([-1, 0, 1, 0, -1, 1, 0, 0, 0, 0], [2, 0, 11, 0, 0, 4, 2, 4, 2])
([1, 0, 1, -1, -1, 1, 0, 0, 0, 0], [1, 0, 0, 0, 0, 1, 7, 1, 1])
([-1, 0, 1, -1, -1, 1, 0, 1, 0, 0], [1, 0, 0, 0, 0, 1, 0, 3, 1])
([1, 0, 1, -1, -1, 1, 0, 1, -1, 0], [1, 0, 0, 0, 0, 1, 0, 0, 1])
([-1, 0, 1, -1, -1, 1, 0, 1, -1, 1], [2, 0, 0, 0, 0, 2, 0, 0, 0])
([1, -1, 1, -1, -1, 1, 0, 1, -1, 1], [0, 0, 0, 0, 0, 1, 0, 0, 0])
([1, 0, 0, 0, 0, 0, 0, 0, 0, 0], [1, 1, 1, 1, 1, 1, 34, 1, 1])
([-1, 0, 0, 0, 0, 0, 0, 1, 0, 0], [14, 9, 9, 16, 7, 18, 0, 18, 12])
([1, 0, 0, 0, -1, 0, 0, 1, 0, 0], [1, 1, 10, 0, 1, 1, 0, 1, 1])
([-1, 0, 0, 1, -1, 0, 0, 1, 0, 0], [3, 3, 0, 0, 2, 2, 0, 2, 2])
([1, 0, -1, 1, -1, 0, 0, 1, 0, 0], [1, 0, 0, 0, 3, 1, 0, 1, 1])
([1, 0, 0, 0, 0, 0, 0, 0, 0, 0], [1, 66, 1, 1, 1, 1, 1, 1, 1])
([-1, 0, 1, 0, 0, 0, 0, 0, 0, 0], [1, 0, 1, 1, 1, 1, 7, 1, 1])
([1, 0, 1, 0, 0, -1, 0, 0, 0, 0], [1, 0, 52, 1, 0, 1, 1, 1, 1])
([-1, 0, 1, 1, 0, -1, 0, 0, 0, 0], [7, 0, 0, 7, 0, 7, 7, 7, 6])
([1, 0, 1, 1, 0, -1, 0, -1, 0, 0], [18, 0, 0, 1, 0, 1, 0, 1, 1])
([-1, 0, 1, 1, 0, -1, 0, -1, 1, 0], [7, 0, 0, 3, 0, 3, 0, 0, 3])
([1, 0, 1, 1, 0, -1, 0, -1, 1, -1], [1, 0, 0, 6, 0, 1, 0, 0, 0])
([1, 0, 0, 0, 0, 0, 0, 0, 0, 0], [2, 2, 40, 3, 2, 3, 3, 3, 2])
([-1, 0, 0, 1, 0, 0, 0, 0, 0, 0], [5, 5, 0, 6, 6, 5, 6, 7, 4])
([1, 0, 0, 1, 0, 0, 0, -1, 0, 0], [2, 3, 0, 9, 1, 1, 0, 1, 1])
([-1, 0, 0, 1, 1, 0, 0, -1, 0, 0], [3, 3, 0, 0, 2, 2, 0, 2, 2])
([1, 0, -1, 1, 1, 0, 0, -1, 0, 0], [2, 0, 0, 0, 1, 1, 0, 2, 1])
([-1, 0, -1, 1, 1, 0, 0, -1, 1, 0], [1, 0, 0, 0, 1, 1, 0, 0, 1])
([1, -1, -1, 1, 1, 0, 0, -1, 1, 0], [0, 0, 0, 0, 2, 1, 0, 0, 2])
([-1, -1, -1, 1, 1, 0, 0, -1, 1, 1], [0, 0, 0, 0, 1, 1, 0, 0, 0])
([1, -1, -1, 1, 1, 0, -1, -1, 1, 1], [0, 0, 0, 0, 3, 0, 0, 0, 0])
([1, 0, 0, 0, 0, 0, 0, 0, 0, 0], [2, 3, 3, 18, 1, 1, 1, 1, 1])
([-1, 1, 0, 0, 0, 0, 0, 0, 0, 0], [0, 2, 3, 2, 17, 1, 2, 1, 1])
([1, 1, 0, 0, 0, -1, 0, 0, 0, 0], [0, 3, 9, 1, 0, 1, 1, 2, 1])
([-1, 1, 0, 1, 0, -1, 0, 0, 0, 0], [0, 4, 0, 3, 0, 3, 3, 3, 3])
([1, 1, 0, 1, 0, -1, 0, 0, -1, 0], [0, 20, 0, 1, 0, 1, 1, 0, 1])
([-1, 1, 0, 1, 0, -1, 0, 0, -1, 1], [0, 5, 0, 2, 0, 2, 2, 0, 0])
([1, 0, 0, 0, 0, 0, 0, 0, 0, 0], [3, 2, 3, 3, 3, 41, 1, 1, 1])
([-1, 0, 0, 0, 0, 0, 1, 0, 0, 0], [4, 4, 4, 14, 16, 0, 6, 4, 6])
([1, 0, 0, -1, 0, 0, 1, 0, 0, 0], [13, 2, 0, 1, 1, 0, 1, 1, 1])
([-1, 1, 0, -1, 0, 0, 1, 0, 0, 0], [0, 2, 0, 2, 5, 0, 3, 1, 1])
([1, 1, 0, -1, 0, -1, 1, 0, 0, 0], [0, 2, 0, 2, 0, 0, 2, 3, 1])
([-1, 1, 0, -1, 0, -1, 1, 0, 1, 0], [0, 2, 0, 2, 0, 0, 9, 0, 2])
([1, 0, 0, 0, 0, 0, 0, 0, 0, 0], [1, 1, 1, 1, 1, 1, 50, 1, 1])
([-1, 0, 0, 0, 0, 0, 1, 0, 0, 0], [8, 3, 3, 3, 3, 0, 12, 2, 4])
([1, 0, -1, 0, 0, 0, 1, 0, 0, 0], [1, 0, 1, 1, 1, 0, 12, 1, 1])
([-1, 0, -1, 0, 0, 0, 1, 1, 0, 0], [2, 0, 2, 2, 3, 0, 0, 1, 2])
([1, 0, -1, 0, 0, -1, 1, 1, 0, 0], [1, 0, 1, 1, 0, 0, 0, 3, 1])
([1, 0, 0, 0, 0, 0, 0, 0, 0, 0], [1, 1, 1, 1, 36, 1, 1, 1, 1])
([-1, 0, 0, 0, 0, 1, 0, 0, 0, 0], [19, 13, 8, 8, 0, 12, 15, 10, 8])
([1, 0, 0, 0, 0, 1, 0, -1, 0, 0], [1, 1, 1, 26, 0, 1, 0, 1, 1])
([-1, 0, 0, 0, 0, 1, 0, -1, 0, 1], [4, 5, 2, 3, 0, 11, 0, 2, 0])
([1, 0, 0, 0, -1, 1, 0, -1, 0, 1], [13, 2, 2, 0, 0, 2, 0, 2, 0])
([-1, 1, 0, 0, -1, 1, 0, -1, 0, 1], [0, 9, 2, 0, 0, 2, 0, 2, 0])
([1, 0, 0, 0, 0, 0, 0, 0, 0, 0], [1, 1, 1, 1, 38, 1, 1, 1, 1])
([-1, 0, 0, 0, 0, 0, 1, 0, 0, 0], [7, 13, 15, 9, 17, 0, 9, 11, 7])
([1, 0, 0, 0, 0, 0, 1, 0, -1, 0], [1, 1, 1, 12, 1, 0, 1, 0, 1])
([-1, 0, 0, 0, 1, 0, 1, 0, -1, 0], [2, 2, 2, 0, 4, 0, 2, 0, 2])
([1, 0, 0, 0, 1, -1, 1, 0, -1, 0], [3, 2, 2, 0, 0, 0, 2, 0, 1])
([-1, 0, 0, 1, 1, -1, 1, 0, -1, 0], [2, 4, 0, 0, 0, 0, 2, 0, 2])
([1, 0, 0, 0, 0, 0, 0, 0, 0, 0], [2, 35, 1, 1, 1, 1, 3, 1, 1])
([-1, 0, 0, 0, 1, 0, 0, 0, 0, 0], [5, 5, 13, 0, 5, 3, 2, 2, 2])
([1, -1, 0, 0, 1, 0, 0, 0, 0, 0], [0, 3, 8, 0, 1, 1, 3, 1, 1])
([-1, -1, 0, 1, 1, 0, 0, 0, 0, 0], [0, 3, 0, 0, 2, 2, 2, 2, 2])
([1, -1, 0, 1, 1, 0, 0, -1, 0, 0], [0, 18, 0, 0, 1, 1, 0, 1, 1])
([1, 0, 0, 0, 0, 0, 0, 0, 0, 0], [1, 1, 19, 1, 1, 1, 1, 1, 1])
([-1, 0, 0, 1, 0, 0, 0, 0, 0, 0], [2, 2, 0, 4, 6, 2, 20, 2, 2])
([1, 0, 0, 1, 0, 0, 0, -1, 0, 0], [2, 2, 0, 3, 9, 1, 0, 1, 1])
([-1, 0, 0, 1, 0, 1, 0, -1, 0, 0], [4, 3, 0, 10, 0, 2, 0, 2, 2])
([1, -1, 0, 1, 0, 1, 0, -1, 0, 0], [0, 2, 0, 6, 0, 1, 0, 1, 1])
([-1, -1, 1, 1, 0, 1, 0, -1, 0, 0], [0, 0, 0, 8, 0, 2, 0, 4, 2])
([1, -1, 1, 1, 0, 1, 0, -1, 0, -1], [0, 0, 0, 1, 0, 5, 0, 1, 0])
([-1, -1, 1, 1, 0, 1, 1, -1, 0, -1], [0, 0, 0, 3, 0, 0, 0, 2, 0])
([1, 0, 0, 0, 0, 0, 0, 0, 0, 0], [3, 2, 2, 15, 1, 1, 1, 1, 1])
([-1, 0, 0, 0, 1, 0, 0, 0, 0, 0], [7, 4, 4, 0, 4, 4, 9, 4, 4])
([1, 0, 0, 0, 1, -1, 0, 0, 0, 0], [1, 20, 1, 0, 0, 1, 1, 1, 1])
([-1, 0, 0, 0, 1, -1, 0, 0, 0, 1], [3, 3, 2, 0, 0, 4, 8, 2, 0])
([1, 0, 0, 0, 1, -1, -1, 0, 0, 1], [1, 8, 1, 0, 0, 0, 1, 1, 0])
([-1, 0, 1, 0, 1, -1, -1, 0, 0, 1], [3, 0, 3, 0, 0, 0, 2, 2, 0])
([1, 0, 1, 0, 1, -1, -1, -1, 0, 1], [1, 0, 6, 0, 0, 0, 0, 1, 0])
([-1, 0, 1, 0, 1, -1, -1, -1, 1, 1], [2, 0, 2, 0, 0, 0, 0, 0, 0])
([1, -1, 1, 0, 1, -1, -1, -1, 1, 1], [0, 0, 3, 0, 0, 0, 0, 0, 0])
([1, 0, 0, 0, 0, 0, 0, 0, 0, 0], [2, 5, 3, 62, 1, 1, 1, 1, 1])
([-1, 0, 0, 0, 1, 0, 0, 0, 0, 0], [5, 5, 5, 0, 5, 5, 6, 12, 4])
([1, 0, -1, 0, 1, 0, 0, 0, 0, 0], [2, 0, 2, 0, 1, 1, 1, 2, 1])
([-1, 0, -1, 1, 1, 0, 0, 0, 0, 0], [1, 0, 0, 0, 1, 1, 1, 1, 1])
([1, 0, -1, 1, 1, 0, -1, 0, 0, 0], [1, 0, 0, 0, 3, 0, 1, 1, 1])
([1, 0, 0, 0, 0, 0, 0, 0, 0, 0], [1, 1, 6, 1, 1, 1, 1, 1, 1])
([-1, 0, 0, 0, 1, 0, 0, 0, 0, 0], [2, 3, 1, 0, 1, 2, 1, 1, 1])
([1, 0, 0, -1, 1, 0, 0, 0, 0, 0], [2, 3, 0, 0, 29, 1, 1, 1, 2])
([-1, 0, 0, -1, 1, 1, 0, 0, 0, 0], [3, 4, 0, 0, 0, 1, 1, 2, 1])
([1, 0, 0, -1, 1, 1, 0, -1, 0, 0], [1, 1, 0, 0, 0, 1, 0, 12, 1])
([-1, 0, 0, -1, 1, 1, 0, -1, 1, 0], [4, 3, 0, 0, 0, 2, 0, 0, 2])
([1, -1, 0, -1, 1, 1, 0, -1, 1, 0], [0, 1, 0, 0, 0, 1, 0, 0, 5])
([1, 0, 0, 0, 0, 0, 0, 0, 0, 0], [1, 1, 1, 29, 1, 1, 1, 1, 1])
([-1, 0, 0, 0, 1, 0, 0, 0, 0, 0], [5, 5, 8, 0, 8, 5, 5, 4, 4])
([1, -1, 0, 0, 1, 0, 0, 0, 0, 0], [0, 1, 1, 0, 1, 1, 18, 1, 1])
([-1, -1, 0, 0, 1, 0, 0, 0, 1, 0], [0, 6, 11, 0, 6, 10, 8, 0, 10])
([1, -1, 0, -1, 1, 0, 0, 0, 1, 0], [0, 1, 0, 0, 14, 1, 1, 0, 1])
([-1, -1, 0, -1, 1, 0, 0, 1, 1, 0], [0, 1, 0, 0, 1, 1, 0, 0, 7])
([1, -1, 0, -1, 1, 0, 0, 1, 1, -1], [0, 1, 0, 0, 1, 5, 0, 0, 0])
([1, 0, 0, 0, 0, 0, 0, 0, 0, 0], [2, 5, 15, 1, 1, 1, 1, 1, 1])
([-1, 0, 0, 1, 0, 0, 0, 0, 0, 0], [5, 5, 0, 6, 8, 4, 26, 6, 6])
([1, 0, 0, 1, 0, 0, 0, 0, -1, 0], [3, 67, 0, 1, 1, 1, 1, 0, 1])
([-1, 0, 1, 1, 0, 0, 0, 0, -1, 0], [16, 0, 0, 15, 15, 14, 14, 0, 14])
([1, 0, 1, 1, -1, 0, 0, 0, -1, 0], [19, 0, 0, 0, 3, 1, 1, 0, 1])
([1, 0, 0, 0, 0, 0, 0, 0, 0, 0], [3, 5, 3, 3, 5, 12, 89, 1, 1])
([-1, 0, 0, 0, 0, 0, 0, 1, 0, 0], [6, 5, 5, 5, 5, 5, 0, 6, 4])
([1, 0, 0, 0, 0, 0, 0, 1, -1, 0], [1, 1, 1, 1, 24, 1, 0, 0, 1])
([-1, 0, 0, 0, 1, 0, 0, 1, -1, 0], [2, 2, 8, 0, 2, 1, 0, 0, 1])
([1, 0, 0, -1, 1, 0, 0, 1, -1, 0], [1, 1, 0, 0, 1, 8, 0, 0, 1])
([-1, 0, 0, -1, 1, 0, 1, 1, -1, 0], [3, 3, 0, 0, 2, 0, 0, 0, 2])
([1, 0, -1, -1, 1, 0, 1, 1, -1, 0], [1, 0, 0, 0, 3, 0, 0, 0, 1])
([1, 0, 0, 0, 0, 0, 0, 0, 0, 0], [3, 18, 2, 5, 3, 1, 1, 1, 1])
([-1, 0, 1, 0, 0, 0, 0, 0, 0, 0], [5, 0, 21, 15, 13, 5, 5, 38, 5])
([1, 0, 1, -1, 0, 0, 0, 0, 0, 0], [2, 0, 0, 9, 2, 5, 2, 4, 5])
([-1, 0, 1, -1, 0, 1, 0, 0, 0, 0], [2, 0, 0, 2, 0, 9, 1, 1, 1])
([1, 0, 1, -1, 0, 1, -1, 0, 0, 0], [2, 0, 0, 2, 0, 0, 2, 2, 4])
([-1, 0, 1, -1, 1, 1, -1, 0, 0, 0], [3, 0, 0, 0, 0, 0, 2, 1, 1])
([1, 0, 1, -1, 1, 1, -1, -1, 0, 0], [1, 0, 0, 0, 0, 0, 0, 1, 1])
([-1, 1, 1, -1, 1, 1, -1, -1, 0, 0], [0, 0, 0, 0, 0, 0, 0, 1, 3])
([1, 0, 0, 0, 0, 0, 0, 0, 0, 0], [2, 3, 2, 2, 95, 1, 1, 1, 1])
([-1, 0, 0, 0, 0, 1, 0, 0, 0, 0], [11, 8, 15, 10, 0, 8, 8, 8, 13])
([1, -1, 0, 0, 0, 1, 0, 0, 0, 0], [0, 22, 1, 1, 0, 1, 1, 1, 3])
([-1, -1, 0, 0, 0, 1, 0, 0, 1, 0], [0, 5, 7, 6, 0, 8, 8, 0, 6])
([1, -1, 0, 0, 0, 1, 0, -1, 1, 0], [0, 4, 1, 1, 0, 1, 0, 0, 1])
([-1, -1, 1, 0, 0, 1, 0, -1, 1, 0], [0, 0, 2, 1, 0, 3, 0, 0, 1])
([1, -1, 1, 0, 0, 1, 0, -1, 1, -1], [0, 0, 1, 4, 0, 1, 0, 0, 0])
([-1, -1, 1, 1, 0, 1, 0, -1, 1, -1], [0, 0, 0, 3, 0, 2, 0, 0, 0])
([1, 0, 0, 0, 0, 0, 0, 0, 0, 0], [2, 2, 37, 1, 1, 1, 1, 2, 1])
([-1, 0, 0, 1, 0, 0, 0, 0, 0, 0], [13, 8, 0, 8, 8, 11, 13, 9, 8])
([1, 0, 0, 1, 0, 0, -1, 0, 0, 0], [1, 1, 0, 1, 41, 0, 1, 1, 1])
([-1, 0, 0, 1, 0, 1, -1, 0, 0, 0], [3, 3, 0, 2, 0, 0, 2, 2, 2])
([1, -1, 0, 1, 0, 1, -1, 0, 0, 0], [0, 17, 0, 1, 0, 0, 1, 1, 1])
([-1, -1, 1, 1, 0, 1, -1, 0, 0, 0], [0, 0, 0, 5, 0, 0, 6, 4, 4])
([1, -1, 1, 1, 0, 1, -1, 0, -1, 0], [0, 0, 0, 1, 0, 0, 6, 0, 1])
([1, 0, 0, 0, 0, 0, 0, 0, 0, 0], [3, 7, 2, 5, 1, 1, 1, 1, 1])
([-1, 0, 0, 0, 0, 1, 0, 0, 0, 0], [4, 4, 6, 15, 0, 10, 12, 4, 6])
([1, 0, 0, 0, -1, 1, 0, 0, 0, 0], [2, 5, 2, 0, 0, 2, 10, 1, 1])
([-1, 0, 0, 1, -1, 1, 0, 0, 0, 0], [3, 3, 0, 0, 0, 2, 2, 2, 2])
([1, 0, 0, 1, -1, 1, 0, -1, 0, 0], [3, 11, 0, 0, 0, 1, 0, 1, 1])
([-1, 0, 0, 1, -1, 1, 0, -1, 0, 1], [9, 2, 0, 0, 0, 2, 0, 2, 0])
([1, 0, 0, 0, 0, 0, 0, 0, 0, 0], [1, 1, 1, 1, 1, 1, 49, 1, 1])
([-1, 0, 0, 0, 0, 0, 0, 1, 0, 0], [8, 19, 8, 10, 12, 8, 0, 8, 13])
([1, -1, 0, 0, 0, 0, 0, 1, 0, 0], [0, 5, 32, 1, 1, 1, 0, 1, 1])
([-1, -1, 0, 1, 0, 0, 0, 1, 0, 0], [0, 3, 0, 1, 2, 1, 0, 1, 1])
([1, -1, 0, 1, 0, 0, -1, 1, 0, 0], [0, 17, 0, 1, 1, 0, 0, 1, 1])
([-1, -1, 0, 1, 0, 0, -1, 1, 1, 0], [0, 5, 0, 5, 4, 0, 0, 0, 4])
([1, -1, -1, 1, 0, 0, -1, 1, 1, 0], [0, 0, 0, 1, 5, 0, 0, 0, 1])
([1, 0, 0, 0, 0, 0, 0, 0, 0, 0], [2, 3, 2, 3, 31, 1, 1, 1, 1])
([-1, 0, 0, 0, 0, 1, 0, 0, 0, 0], [7, 5, 4, 4, 0, 4, 7, 9, 3])
([1, 0, 0, 0, 0, 1, 0, 0, 0, -1], [36, 1, 1, 1, 0, 2, 1, 1, 0])
([-1, 1, 0, 0, 0, 1, 0, 0, 0, -1], [0, 4, 4, 4, 0, 4, 4, 3, 0])
([1, 1, 0, 0, 0, 1, -1, 0, 0, -1], [0, 2, 16, 1, 0, 0, 3, 1, 0])
([-1, 1, 0, 1, 0, 1, -1, 0, 0, -1], [0, 6, 0, 6, 0, 0, 5, 5, 0])
([1, 1, 0, 1, 0, 1, -1, 0, -1, -1], [0, 1, 0, 1, 0, 0, 6, 0, 0])
([1, 0, 0, 0, 0, 0, 0, 0, 0, 0], [2, 3, 2, 43, 1, 7, 1, 1, 1])
([-1, 1, 0, 0, 0, 0, 0, 0, 0, 0], [0, 12, 20, 4, 20, 8, 6, 2, 14])
([1, 1, 0, 0, 0, -1, 0, 0, 0, 0], [0, 3, 10, 2, 0, 2, 2, 2, 2])
([-1, 1, 0, 0, 0, -1, 0, 0, 1, 0], [0, 2, 2, 2, 0, 2, 16, 0, 3])
([1, 1, 0, 0, 0, -1, 0, -1, 1, 0], [0, 2, 8, 2, 0, 2, 0, 0, 2])
([-1, 1, 0, 1, 0, -1, 0, -1, 1, 0], [0, 4, 0, 2, 0, 2, 0, 0, 2])
([1, 0, 0, 0, 0, 0, 0, 0, 0, 0], [3, 2, 2, 5, 77, 1, 1, 1, 1])
([-1, 0, 0, 0, 0, 1, 0, 0, 0, 0], [5, 14, 11, 7, 0, 5, 5, 5, 5])
([1, 0, 0, -1, 0, 1, 0, 0, 0, 0], [19, 1, 0, 1, 0, 3, 1, 1, 1])
([-1, 1, 0, -1, 0, 1, 0, 0, 0, 0], [0, 8, 0, 4, 0, 11, 4, 8, 4])
([1, 1, 0, -1, 0, 1, 0, 0, 0, -1], [0, 1, 0, 1, 0, 13, 1, 1, 0])
([-1, 1, 1, -1, 0, 1, 0, 0, 0, -1], [0, 0, 0, 2, 0, 3, 2, 1, 0])
([1, 1, 1, -1, -1, 1, 0, 0, 0, -1], [0, 0, 0, 0, 0, 4, 1, 1, 0])
([1, 0, 0, 0, 0, 0, 0, 0, 0, 0], [1, 1, 1, 1, 26, 1, 1, 1, 1])
([-1, 0, 0, 0, 0, 1, 0, 0, 0, 0], [2, 2, 4, 2, 0, 2, 4, 3, 2])
([1, 0, -1, 0, 0, 1, 0, 0, 0, 0], [1, 0, 1, 10, 0, 1, 1, 1, 1])
([-1, 0, -1, 0, 0, 1, 0, 0, 0, 1], [5, 0, 12, 12, 0, 5, 5, 9, 0])
([1, -1, -1, 0, 0, 1, 0, 0, 0, 1], [0, 0, 1, 1, 0, 1, 15, 1, 0])
([-1, -1, -1, 0, 0, 1, 0, 1, 0, 1], [0, 0, 5, 4, 0, 4, 0, 4, 0])
([1, -1, -1, 0, 0, 1, 0, 1, -1, 1], [0, 0, 5, 1, 0, 1, 0, 0, 0])
([1, 0, 0, 0, 0, 0, 0, 0, 0, 0], [1, 1, 1, 1, 17, 1, 1, 1, 1])
([-1, 0, 0, 0, 1, 0, 0, 0, 0, 0], [4, 4, 9, 0, 11, 7, 4, 5, 3])
([1, 0, 0, 0, 1, 0, -1, 0, 0, 0], [1, 1, 1, 0, 42, 0, 1, 1, 1])
([-1, 0, 0, 1, 1, 0, -1, 0, 0, 0], [3, 3, 0, 0, 2, 0, 2, 2, 2])
([1, 0, -1, 1, 1, 0, -1, 0, 0, 0], [1, 0, 0, 0, 1, 0, 3, 1, 1])
([-1, 0, -1, 1, 1, 0, -1, 1, 0, 0], [1, 0, 0, 0, 1, 0, 0, 1, 1])
([1, 0, -1, 1, 1, 0, -1, 1, -1, 0], [1, 0, 0, 0, 3, 0, 0, 0, 1])
([-1, 1, -1, 1, 1, 0, -1, 1, -1, 0], [0, 0, 0, 0, 1, 0, 0, 0, 1])
([1, 1, -1, 1, 1, 0, -1, 1, -1, -1], [0, 0, 0, 0, 1, 0, 0, 0, 0])
([1, 0, 0, 0, 0, 0, 0, 0, 0, 0], [2, 2, 2, 41, 1, 1, 1, 1, 1])
([-1, 0, 0, 0, 1, 0, 0, 0, 0, 0], [9, 4, 13, 0, 4, 4, 4, 3, 3])
([1, 0, -1, 0, 1, 0, 0, 0, 0, 0], [1, 0, 1, 0, 1, 6, 1, 1, 1])
([-1, 0, -1, 0, 1, 0, 1, 0, 0, 0], [3, 0, 1, 0, 2, 0, 1, 1, 1])
([1, 0, -1, 0, 1, -1, 1, 0, 0, 0], [1, 0, 3, 0, 0, 0, 1, 1, 1])
([-1, 0, -1, 1, 1, -1, 1, 0, 0, 0], [1, 0, 0, 0, 0, 0, 1, 1, 1])
([1, 0, 0, 0, 0, 0, 0, 0, 0, 0], [3, 3, 81, 1, 1, 1, 1, 1, 1])
([-1, 0, 0, 1, 0, 0, 0, 0, 0, 0], [4, 4, 0, 2, 4, 2, 2, 2, 2])
([1, 0, 0, 1, 0, 0, 0, 0, -1, 0], [1, 92, 0, 1, 1, 1, 1, 0, 1])
([-1, 0, 1, 1, 0, 0, 0, 0, -1, 0], [16, 0, 0, 17, 16, 15, 15, 0, 15])
([1, 0, 1, 1, 0, 0, 0, -1, -1, 0], [18, 0, 0, 1, 1, 1, 0, 0, 1])
([1, 0, 0, 0, 0, 0, 0, 0, 0, 0], [1, 1, 1, 1, 46, 1, 1, 1, 1])
([-1, 0, 0, 0, 0, 1, 0, 0, 0, 0], [10, 17, 10, 8, 0, 8, 9, 13, 8])
([1, 0, 0, 0, 0, 1, 0, 0, 0, -1], [1, 1, 1, 1, 0, 17, 1, 1, 0])
([-1, 1, 0, 0, 0, 1, 0, 0, 0, -1], [0, 5, 4, 4, 0, 4, 4, 3, 0])
([1, 1, 0, -1, 0, 1, 0, 0, 0, -1], [0, 1, 0, 1, 0, 12, 1, 1, 0])
([-1, 1, 0, -1, 0, 1, 1, 0, 0, -1], [0, 3, 0, 4, 0, 0, 2, 2, 0])
([1, 1, -1, -1, 0, 1, 1, 0, 0, -1], [0, 0, 0, 1, 0, 0, 6, 1, 0])
([1, 0, 0, 0, 0, 0, 0, 0, 0, 0], [20, 35, 1, 3, 1, 1, 1, 1, 1])
([-1, 0, 1, 0, 0, 0, 0, 0, 0, 0], [3, 0, 26, 2, 2, 2, 2, 2, 2])
([1, 0, 1, -1, 0, 0, 0, 0, 0, 0], [5, 0, 0, 12, 8, 3, 5, 8, 5])
([-1, 0, 1, -1, 1, 0, 0, 0, 0, 0], [3, 0, 0, 0, 3, 7, 1, 1, 1])
([1, 0, 1, -1, 1, -1, 0, 0, 0, 0], [2, 0, 0, 0, 0, 2, 5, 2, 5])
([-1, 0, 1, -1, 1, -1, 0, 0, 0, 1], [3, 0, 0, 0, 0, 3, 2, 1, 0])
([1, 0, 1, -1, 1, -1, -1, 0, 0, 1], [2, 0, 0, 0, 0, 0, 2, 1, 0])
([-1, 0, 1, -1, 1, -1, -1, 0, 1, 1], [2, 0, 0, 0, 0, 0, 2, 0, 0])
([1, 0, 0, 0, 0, 0, 0, 0, 0, 0], [2, 2, 2, 72, 1, 1, 1, 1, 1])
([-1, 0, 0, 0, 1, 0, 0, 0, 0, 0], [2, 2, 8, 0, 1, 1, 1, 2, 1])
([1, 0, 0, -1, 1, 0, 0, 0, 0, 0], [2, 2, 0, 0, 41, 1, 1, 1, 2])
([-1, 0, 0, -1, 1, 1, 0, 0, 0, 0], [7, 6, 0, 0, 0, 6, 6, 6, 6])
([1, 0, 0, -1, 1, 1, -1, 0, 0, 0], [3, 2, 0, 0, 0, 0, 2, 7, 1])
([-1, 0, 0, -1, 1, 1, -1, 1, 0, 0], [2, 2, 0, 0, 0, 0, 0, 8, 2])
([1, 0, 0, 0, 0, 0, 0, 0, 0, 0], [1, 1, 1, 1, 44, 1, 1, 1, 1])
([-1, 0, 0, 0, 0, 0, 0, 0, 0, 1], [4, 4, 2, 2, 13, 2, 2, 2, 0])
([1, -1, 0, 0, 0, 0, 0, 0, 0, 1], [0, 5, 44, 1, 1, 1, 1, 1, 0])
([-1, -1, 0, 1, 0, 0, 0, 0, 0, 1], [0, 8, 0, 9, 8, 6, 6, 6, 0])
([1, -1, -1, 1, 0, 0, 0, 0, 0, 1], [0, 0, 0, 1, 1, 7, 1, 1, 0])
([-1, -1, -1, 1, 0, 1, 0, 0, 0, 1], [0, 0, 0, 2, 0, 2, 5, 2, 0])
([1, -1, -1, 1, 0, 1, 0, -1, 0, 1], [0, 0, 0, 1, 0, 5, 0, 1, 0])
([-1, -1, -1, 1, 0, 1, 1, -1, 0, 1], [0, 0, 0, 3, 0, 0, 0, 2, 0])
([1, 0, 0, 0, 0, 0, 0, 0, 0, 0], [1, 1, 26, 1, 1, 1, 1, 1, 1])
([-1, 0, 0, 1, 0, 0, 0, 0, 0, 0], [2, 2, 0, 3, 10, 1, 1, 1, 1])
([1, 0, 0, 1, 0, -1, 0, 0, 0, 0], [2, 3, 0, 9, 0, 1, 1, 1, 1])
([-1, 0, 0, 1, 0, -1, 0, 0, 1, 0], [2, 2, 0, 2, 0, 2, 13, 0, 5])
([1, 0, 0, 1, 0, -1, 0, -1, 1, 0], [3, 16, 0, 1, 0, 1, 0, 0, 1])
([-1, 0, 1, 1, 0, -1, 0, -1, 1, 0], [8, 0, 0, 4, 0, 4, 0, 0, 4])
([1, 0, 1, 1, 0, -1, -1, -1, 1, 0], [1, 0, 0, 6, 0, 0, 0, 0, 1])
([1, 0, 0, 0, 0, 0, 0, 0, 0, 0], [1, 1, 1, 1, 67, 1, 1, 1, 1])
([-1, 0, 0, 0, 0, 1, 0, 0, 0, 0], [6, 11, 4, 4, 0, 4, 4, 4, 4])
([1, 0, 0, -1, 0, 1, 0, 0, 0, 0], [1, 1, 0, 1, 0, 16, 1, 1, 1])
([-1, 0, 1, -1, 0, 1, 0, 0, 0, 0], [1, 0, 0, 1, 0, 1, 1, 3, 1])
([1, 0, 1, -1, 0, 1, 0, 0, -1, 0], [1, 0, 0, 1, 0, 1, 1, 0, 1])
([-1, 0, 1, -1, 0, 1, 0, 0, -1, 1], [3, 0, 0, 1, 0, 1, 1, 0, 0])
([1, 0, 0, 0, 0, 0, 0, 0, 0, 0], [1, 79, 1, 1, 1, 1, 1, 1, 1])
([-1, 0, 1, 0, 0, 0, 0, 0, 0, 0], [3, 0, 14, 3, 7, 3, 7, 3, 3])
([1, 0, 1, -1, 0, 0, 0, 0, 0, 0], [2, 0, 0, 2, 7, 5, 2, 2, 4])
([-1, 0, 1, -1, 1, 0, 0, 0, 0, 0], [2, 0, 0, 0, 7, 3, 1, 1, 1])
([1, 0, 1, -1, 1, 0, -1, 0, 0, 0], [2, 0, 0, 0, 2, 0, 3, 2, 4])
([-1, 0, 1, -1, 1, 0, -1, 0, 0, 1], [2, 0, 0, 0, 2, 0, 2, 3, 0])
([1, -1, 1, -1, 1, 0, -1, 0, 0, 1], [0, 0, 0, 0, 3, 0, 2, 3, 0])
([-1, -1, 1, -1, 1, 1, -1, 0, 0, 1], [0, 0, 0, 0, 0, 0, 2, 2, 0])
([1, -1, 1, -1, 1, 1, -1, -1, 0, 1], [0, 0, 0, 0, 0, 0, 0, 1, 0])
([1, 0, 0, 0, 0, 0, 0, 0, 0, 0], [2, 2, 3, 13, 1, 1, 1, 1, 1])
([-1, 0, 0, 0, 0, 1, 0, 0, 0, 0], [9, 16, 9, 11, 0, 9, 9, 9, 9])
([1, 0, 0, 0, 0, 1, 0, -1, 0, 0], [1, 1, 1, 19, 0, 1, 0, 1, 1])
([-1, 0, 0, 0, 1, 1, 0, -1, 0, 0], [4, 4, 4, 0, 0, 4, 0, 4, 4])
([1, 0, 0, 0, 1, 1, -1, -1, 0, 0], [1, 4, 1, 0, 0, 0, 0, 1, 1])
([-1, 0, 1, 0, 1, 1, -1, -1, 0, 0], [2, 0, 2, 0, 0, 0, 0, 1, 1])
([1, -1, 1, 0, 1, 1, -1, -1, 0, 0], [0, 0, 1, 0, 0, 0, 0, 1, 4])
([-1, -1, 1, 0, 1, 1, -1, -1, 0, 1], [0, 0, 2, 0, 0, 0, 0, 2, 0])
([1, -1, 1, 0, 1, 1, -1, -1, -1, 1], [0, 0, 3, 0, 0, 0, 0, 0, 0])
([1, 0, 0, 0, 0, 0, 0, 0, 0, 0], [2, 5, 3, 16, 1, 1, 1, 1, 1])
([-1, 0, 1, 0, 0, 0, 0, 0, 0, 0], [4, 0, 4, 5, 4, 7, 4, 3, 3])
([1, -1, 1, 0, 0, 0, 0, 0, 0, 0], [0, 0, 50, 1, 1, 1, 1, 1, 2])
([-1, -1, 1, 1, 0, 0, 0, 0, 0, 0], [0, 0, 0, 14, 8, 7, 8, 7, 8])
([1, -1, 1, 1, 0, 0, 0, 0, -1, 0], [0, 0, 0, 15, 3, 1, 1, 0, 1])
([1, 0, 0, 0, 0, 0, 0, 0, 0, 0], [2, 2, 2, 12, 1, 1, 11, 1, 1])
([-1, 0, 0, 0, 1, 0, 0, 0, 0, 0], [2, 4, 1, 0, 1, 1, 2, 1, 1])
([1, 0, 0, 0, 1, -1, 0, 0, 0, 0], [2, 19, 1, 0, 0, 3, 1, 1, 1])
([-1, 1, 0, 0, 1, -1, 0, 0, 0, 0], [0, 1, 13, 0, 0, 1, 1, 1, 1])
([1, 1, 0, -1, 1, -1, 0, 0, 0, 0], [0, 3, 0, 0, 0, 2, 4, 2, 2])
([-1, 1, 0, -1, 1, -1, 0, 1, 0, 0], [0, 1, 0, 0, 0, 1, 0, 5, 1])
([1, 0, 0, 0, 0, 0, 0, 0, 0, 0], [2, 5, 2, 24, 1, 1, 1, 1, 1])
([-1, 0, 0, 0, 1, 0, 0, 0, 0, 0], [8, 5, 14, 0, 8, 5, 5, 4, 4])
([1, 0, -1, 0, 1, 0, 0, 0, 0, 0], [2, 0, 2, 0, 1, 1, 1, 1, 2])
([-1, 0, -1, 1, 1, 0, 0, 0, 0, 0], [1, 0, 0, 0, 1, 1, 1, 1, 1])
([1, 0, -1, 1, 1, 0, 0, 0, -1, 0], [1, 0, 0, 0, 3, 1, 1, 0, 1])
([1, 0, 0, 0, 0, 0, 0, 0, 0, 0], [2, 2, 68, 2, 3, 2, 2, 2, 5])
([-1, 0, 0, 1, 0, 0, 0, 0, 0, 0], [2, 2, 0, 2, 11, 2, 2, 2, 2])
([1, 0, 0, 1, 0, -1, 0, 0, 0, 0], [1, 1, 0, 10, 0, 1, 1, 1, 1])
([-1, 0, 0, 1, 1, -1, 0, 0, 0, 0], [4, 3, 0, 0, 0, 2, 2, 2, 2])
([1, -1, 0, 1, 1, -1, 0, 0, 0, 0], [0, 1, 0, 0, 0, 1, 1, 7, 1])
([-1, -1, 0, 1, 1, -1, 0, 0, 1, 0], [0, 3, 0, 0, 0, 2, 2, 0, 2])
([1, -1, 0, 1, 1, -1, 0, 0, 1, -1], [0, 5, 0, 0, 0, 1, 1, 0, 0])
([-1, -1, 0, 1, 1, -1, 1, 0, 1, -1], [0, 3, 0, 0, 0, 0, 3, 0, 0])
([1, -1, 0, 1, 1, -1, 1, -1, 1, -1], [0, 3, 0, 0, 0, 0, 0, 0, 0])
([1, 0, 0, 0, 0, 0, 0, 0, 0, 0], [9, 5, 3, 2, 2, 2, 2, 130, 1])
([-1, 0, 0, 0, 0, 0, 0, 0, 1, 0], [21, 4, 6, 14, 4, 4, 21, 0, 6])
([1, 0, 0, 0, -1, 0, 0, 0, 1, 0], [3, 42, 1, 0, 1, 1, 1, 0, 1])
([-1, 0, 1, 0, -1, 0, 0, 0, 1, 0], [8, 0, 18, 0, 7, 8, 6, 0, 8])
([1, 0, 1, 0, -1, 0, -1, 0, 1, 0], [1, 0, 17, 0, 1, 0, 1, 0, 1])
([-1, 0, 1, 1, -1, 0, -1, 0, 1, 0], [6, 0, 0, 0, 5, 0, 5, 0, 4])
([1, 0, 1, 1, -1, 0, -1, -1, 1, 0], [4, 0, 0, 0, 3, 0, 0, 0, 1])
([1, 0, 0, 0, 0, 0, 0, 0, 0, 0], [1, 1, 1, 50, 1, 1, 1, 1, 1])
([-1, 0, 0, 0, 1, 0, 0, 0, 0, 0], [2, 3, 1, 0, 1, 1, 2, 1, 1])
([1, 0, -1, 0, 1, 0, 0, 0, 0, 0], [2, 0, 2, 0, 1, 1, 1, 1, 1])
([-1, 0, -1, 1, 1, 0, 0, 0, 0, 0], [1, 0, 0, 0, 1, 1, 1, 1, 1])
([1, 0, -1, 1, 1, -1, 0, 0, 0, 0], [1, 0, 0, 0, 0, 1, 3, 1, 1])
([-1, 1, -1, 1, 1, -1, 0, 0, 0, 0], [0, 0, 0, 0, 0, 1, 1, 1, 1])
([1, 1, -1, 1, 1, -1, 0, 0, 0, -1], [0, 0, 0, 0, 0, 1, 1, 3, 0])
([-1, 1, -1, 1, 1, -1, 0, 0, 1, -1], [0, 0, 0, 0, 0, 1, 1, 0, 0])
([1, 0, 0, 0, 0, 0, 0, 0, 0, 0], [1, 1, 1, 6, 1, 1, 1, 1, 1])
([-1, 0, 0, 1, 0, 0, 0, 0, 0, 0], [9, 9, 0, 7, 11, 9, 7, 9, 9])
([1, 0, 0, 1, -1, 0, 0, 0, 0, 0], [1, 1, 0, 0, 1, 1, 6, 1, 1])
([-1, 0, 0, 1, -1, 0, 0, 1, 0, 0], [3, 3, 0, 0, 2, 2, 0, 2, 2])
([1, -1, 0, 1, -1, 0, 0, 1, 0, 0], [0, 1, 0, 0, 1, 1, 0, 7, 1])
([-1, -1, 0, 1, -1, 0, 0, 1, 0, 1], [0, 3, 0, 0, 2, 2, 0, 2, 0])
([1, -1, 0, 1, -1, 0, -1, 1, 0, 1], [0, 1, 0, 0, 5, 0, 0, 1, 0])
([1, 0, 0, 0, 0, 0, 0, 0, 0, 0], [1, 1, 1, 39, 1, 1, 1, 1, 1])
([-1, 0, 1, 0, 0, 0, 0, 0, 0, 0], [5, 0, 6, 3, 3, 3, 5, 3, 6])
([1, 0, 1, 0, 0, 0, 0, -1, 0, 0], [1, 0, 1, 1, 1, 22, 0, 1, 1])
([-1, 0, 1, 0, 0, 0, 1, -1, 0, 0], [2, 0, 5, 1, 1, 0, 0, 1, 1])
([1, 0, 1, 0, 0, 0, 1, -1, -1, 0], [1, 0, 1, 4, 1, 0, 0, 0, 1])
([-1, 0, 1, 0, 1, 0, 1, -1, -1, 0], [2, 0, 2, 0, 1, 0, 0, 0, 1])
([1, -1, 1, 0, 1, 0, 1, -1, -1, 0], [0, 0, 1, 0, 4, 0, 0, 0, 1])
([1, 0, 0, 0, 0, 0, 0, 0, 0, 0], [2, 3, 3, 10, 28, 1, 1, 1, 1])
([-1, 0, 0, 0, 0, 1, 0, 0, 0, 0], [6, 5, 12, 6, 0, 6, 5, 5, 6])
([1, 0, 0, 0, -1, 1, 0, 0, 0, 0], [1, 13, 1, 0, 0, 1, 1, 1, 1])
([-1, 0, 1, 0, -1, 1, 0, 0, 0, 0], [2, 0, 2, 0, 0, 2, 2, 4, 2])
([1, 0, 1, -1, -1, 1, 0, 0, 0, 0], [1, 0, 0, 0, 0, 1, 7, 1, 1])
([-1, 0, 1, -1, -1, 1, 0, 0, 0, 1], [2, 0, 0, 0, 0, 2, 2, 1, 0])
([1, 0, 1, -1, -1, 1, -1, 0, 0, 1], [2, 0, 0, 0, 0, 0, 2, 1, 0])
([-1, 0, 1, -1, -1, 1, -1, 1, 0, 1], [1, 0, 0, 0, 0, 0, 0, 1, 0])
([1, -1, 1, -1, -1, 1, -1, 1, 0, 1], [0, 0, 0, 0, 0, 0, 0, 3, 0])
([1, 0, 0, 0, 0, 0, 0, 0, 0, 0], [2, 28, 2, 6, 44, 1, 1, 2, 1])
([-1, 0, 0, 0, 0, 1, 0, 0, 0, 0], [18, 9, 14, 9, 0, 11, 22, 16, 10])
([1, -1, 0, 0, 0, 1, 0, 0, 0, 0], [0, 1, 34, 1, 0, 1, 1, 1, 1])
([-1, -1, 0, 0, 0, 1, 0, 1, 0, 0], [0, 6, 10, 6, 0, 9, 0, 6, 9])
([1, -1, -1, 0, 0, 1, 0, 1, 0, 0], [0, 0, 7, 1, 0, 1, 0, 1, 1])
([1, 0, 0, 0, 0, 0, 0, 0, 0, 0], [2, 5, 2, 3, 67, 1, 1, 1, 1])
([-1, 0, 0, 0, 0, 1, 0, 0, 0, 0], [7, 7, 17, 11, 0, 7, 9, 7, 7])
([1, 0, 0, 0, 0, 1, 0, -1, 0, 0], [1, 1, 1, 17, 0, 1, 0, 1, 1])
([-1, 0, 0, 0, 1, 1, 0, -1, 0, 0], [8, 8, 7, 0, 0, 7, 0, 7, 7])
([1, 0, -1, 0, 1, 1, 0, -1, 0, 0], [1, 0, 1, 0, 0, 8, 0, 1, 1])
([1, 0, 0, 0, 0, 0, 0, 0, 0, 0], [1, 1, 1, 17, 1, 1, 1, 1, 1])
([-1, 0, 0, 1, 0, 0, 0, 0, 0, 0], [2, 4, 0, 1, 7, 1, 1, 1, 1])
([1, 0, -1, 1, 0, 0, 0, 0, 0, 0], [1, 0, 0, 3, 1, 1, 1, 1, 1])
([-1, 0, -1, 1, 1, 0, 0, 0, 0, 0], [1, 0, 0, 0, 1, 1, 1, 1, 1])
([1, 0, -1, 1, 1, 0, 0, -1, 0, 0], [2, 0, 0, 0, 1, 1, 0, 1, 2])
([-1, 0, -1, 1, 1, 0, 0, -1, 0, 1], [1, 0, 0, 0, 1, 1, 0, 1, 0])
([1, 0, -1, 1, 1, 0, -1, -1, 0, 1], [2, 0, 0, 0, 2, 0, 0, 1, 0])
([-1, 1, -1, 1, 1, 0, -1, -1, 0, 1], [0, 0, 0, 0, 1, 0, 0, 1, 0])
([1, 0, 0, 0, 0, 0, 0, 0, 0, 0], [7, 47, 3, 1, 1, 1, 1, 1, 1])
([-1, 0, 1, 0, 0, 0, 0, 0, 0, 0], [2, 0, 16, 2, 2, 2, 6, 1, 1])
([1, 0, 1, -1, 0, 0, 0, 0, 0, 0], [1, 0, 0, 1, 6, 1, 1, 1, 1])
([-1, 0, 1, -1, 0, 1, 0, 0, 0, 0], [1, 0, 0, 1, 0, 1, 1, 3, 1])
([1, 0, 1, -1, 0, 1, -1, 0, 0, 0], [3, 0, 0, 2, 0, 0, 2, 2, 2])
([-1, 0, 1, -1, 0, 1, -1, 0, 0, 1], [2, 0, 0, 5, 0, 0, 1, 1, 0])
([1, 0, 0, 0, 0, 0, 0, 0, 0, 0], [1, 1, 1, 25, 1, 1, 1, 1, 1])
([-1, 0, 1, 0, 0, 0, 0, 0, 0, 0], [2, 0, 57, 4, 6, 2, 2, 2, 6])
([1, 0, 1, -1, 0, 0, 0, 0, 0, 0], [3, 0, 0, 3, 2, 2, 2, 8, 6])
([-1, 0, 1, -1, 1, 0, 0, 0, 0, 0], [5, 0, 0, 0, 2, 2, 2, 1, 1])
([1, -1, 1, -1, 1, 0, 0, 0, 0, 0], [0, 0, 0, 0, 2, 2, 4, 1, 1])
([-1, -1, 1, -1, 1, 0, 0, 1, 0, 0], [0, 0, 0, 0, 2, 3, 0, 2, 1])
([1, -1, 1, -1, 1, 0, -1, 1, 0, 0], [0, 0, 0, 0, 2, 0, 0, 2, 4])
([-1, -1, 1, -1, 1, 0, -1, 1, 0, 1], [0, 0, 0, 0, 2, 0, 0, 2, 0])
([1, 0, 0, 0, 0, 0, 0, 0, 0, 0], [8, 14, 6, 46, 4, 2, 6, 8, 6])
([-1, 0, 0, 0, 1, 0, 0, 0, 0, 0], [2, 4, 1, 0, 1, 1, 1, 2, 1])
([1, 0, 0, 0, 1, 0, -1, 0, 0, 0], [1, 1, 16, 0, 1, 0, 1, 1, 1])
([-1, 0, 0, 0, 1, 0, -1, 1, 0, 0], [2, 3, 1, 0, 1, 0, 0, 1, 2])
([1, 0, 0, 0, 1, 0, -1, 1, -1, 0], [1, 4, 1, 0, 1, 0, 0, 0, 1])
([-1, 0, 1, 0, 1, 0, -1, 1, -1, 0], [2, 0, 2, 0, 1, 0, 0, 0, 1])
([1, 0, 1, 0, 1, -1, -1, 1, -1, 0], [1, 0, 6, 0, 0, 0, 0, 0, 1])
([1, 0, 0, 0, 0, 0, 0, 0, 0, 0], [3, 27, 1, 1, 5, 1, 1, 1, 1])
([-1, 0, 1, 0, 0, 0, 0, 0, 0, 0], [2, 0, 7, 2, 2, 2, 4, 9, 2])
([1, 0, 1, -1, 0, 0, 0, 0, 0, 0], [2, 0, 0, 2, 5, 1, 2, 1, 1])
([-1, 0, 1, -1, 0, 0, 0, 1, 0, 0], [2, 0, 0, 2, 6, 2, 0, 1, 1])
([1, 0, 1, -1, 0, 0, 0, 1, -1, 0], [3, 0, 0, 3, 2, 2, 0, 0, 2])
([-1, 0, 1, -1, 1, 0, 0, 1, -1, 0], [2, 0, 0, 0, 2, 1, 0, 0, 1])
([1, 0, 1, -1, 1, 0, 0, 1, -1, -1], [1, 0, 0, 0, 1, 1, 0, 0, 0])
([-1, 0, 1, -1, 1, 1, 0, 1, -1, -1], [2, 0, 0, 0, 0, 2, 0, 0, 0])
([1, -1, 1, -1, 1, 1, 0, 1, -1, -1], [0, 0, 0, 0, 0, 1, 0, 0, 0])
([1, 0, 0, 0, 0, 0, 0, 0, 0, 0], [1, 1, 18, 1, 1, 1, 1, 1, 1])
([-1, 0, 0, 1, 0, 0, 0, 0, 0, 0], [6, 5, 0, 10, 8, 5, 5, 10, 6])
([1, 0, 0, 1, 0, 0, 0, -1, 0, 0], [1, 1, 0, 10, 1, 1, 0, 1, 1])
([-1, 0, 0, 1, 1, 0, 0, -1, 0, 0], [4, 4, 0, 0, 3, 3, 0, 5, 3])
([1, 0, 0, 1, 1, 0, -1, -1, 0, 0], [1, 20, 0, 0, 1, 0, 0, 1, 1])
([1, 0, 0, 0, 0, 0, 0, 0, 0, 0], [3, 2, 5, 26, 1, 1, 1, 1, 1])
([-1, 1, 0, 0, 0, 0, 0, 0, 0, 0], [0, 1, 1, 1, 1, 1, 7, 1, 1])
([1, 1, -1, 0, 0, 0, 0, 0, 0, 0], [0, 0, 2, 2, 22, 1, 1, 2, 1])
([-1, 1, -1, 0, 0, 1, 0, 0, 0, 0], [0, 0, 3, 2, 0, 3, 16, 2, 2])
([1, 1, -1, 0, 0, 1, 0, -1, 0, 0], [0, 0, 7, 2, 0, 2, 0, 6, 2])
([-1, 1, -1, 0, 1, 1, 0, -1, 0, 0], [0, 0, 2, 0, 0, 2, 0, 1, 1])
([1, 1, -1, 0, 1, 1, 0, -1, 0, -1], [0, 0, 1, 0, 0, 1, 0, 1, 0])
([1, 0, 0, 0, 0, 0, 0, 0, 0, 0], [2, 5, 3, 5, 39, 1, 1, 1, 1])
([-1, 0, 0, 0, 0, 1, 0, 0, 0, 0], [3, 3, 8, 3, 0, 3, 7, 3, 3])
([1, 0, -1, 0, 0, 1, 0, 0, 0, 0], [1, 0, 1, 18, 0, 1, 1, 1, 1])
([-1, 0, -1, 0, 1, 1, 0, 0, 0, 0], [3, 0, 3, 0, 0, 3, 2, 2, 2])
([1, 0, -1, 0, 1, 1, 0, 0, -1, 0], [1, 0, 1, 0, 0, 8, 1, 0, 1])
([1, 0, 0, 0, 0, 0, 0, 0, 0, 0], [1, 1, 1, 1, 1, 1, 39, 1, 1])
([-1, 0, 0, 0, 0, 0, 0, 1, 0, 0], [3, 9, 3, 3, 3, 3, 0, 20, 3])
([1, 0, 0, -1, 0, 0, 0, 1, 0, 0], [1, 1, 0, 1, 1, 1, 0, 47, 1])
([-1, 0, 0, -1, 0, 0, 0, 1, 1, 0], [11, 8, 0, 8, 7, 7, 0, 0, 7])
([1, -1, 0, -1, 0, 0, 0, 1, 1, 0], [0, 18, 0, 1, 1, 1, 0, 0, 1])
([-1, -1, 1, -1, 0, 0, 0, 1, 1, 0], [0, 0, 0, 5, 4, 4, 0, 0, 4])
([1, -1, 1, -1, -1, 0, 0, 1, 1, 0], [0, 0, 0, 0, 1, 6, 0, 0, 1])
([1, 0, 0, 0, 0, 0, 0, 0, 0, 0], [1, 34, 1, 1, 1, 1, 1, 1, 1])
([-1, 0, 1, 0, 0, 0, 0, 0, 0, 0], [7, 0, 3, 3, 2, 2, 5, 1, 1])
([1, 0, 1, 0, -1, 0, 0, 0, 0, 0], [1, 0, 1, 0, 36, 1, 1, 1, 1])
([-1, 0, 1, 0, -1, 1, 0, 0, 0, 0], [1, 0, 1, 0, 0, 1, 1, 8, 1])
([1, 0, 1, 0, -1, 1, 0, 0, -1, 0], [3, 0, 1, 0, 0, 2, 1, 0, 1])
([-1, 0, 1, 0, -1, 1, 0, 1, -1, 0], [2, 0, 2, 0, 0, 1, 0, 0, 1])
([1, -1, 1, 0, -1, 1, 0, 1, -1, 0], [0, 0, 1, 0, 0, 4, 0, 0, 1])
([1, 0, 0, 0, 0, 0, 0, 0, 0, 0], [1, 1, 1, 1, 1, 1, 86, 1, 1])
([-1, 0, 0, 0, 0, 0, 0, 1, 0, 0], [5, 10, 14, 6, 8, 6, 0, 4, 4])
([1, -1, 0, 0, 0, 0, 0, 1, 0, 0], [0, 1, 1, 1, 1, 12, 0, 1, 1])
([-1, -1, 0, 0, 0, 0, 1, 1, 0, 0], [0, 4, 4, 4, 4, 0, 0, 3, 3])
([1, -1, 0, 0, -1, 0, 1, 1, 0, 0], [0, 1, 1, 0, 1, 0, 0, 1, 8])
([-1, -1, 1, 0, -1, 0, 1, 1, 0, 0], [0, 0, 3, 0, 2, 0, 0, 2, 2])
([1, -1, 1, 0, -1, 0, 1, 1, -1, 0], [0, 0, 1, 0, 5, 0, 0, 0, 1])
([1, 0, 0, 0, 0, 0, 0, 0, 0, 0], [2, 35, 1, 1, 3, 1, 1, 1, 1])
([-1, 0, 1, 0, 0, 0, 0, 0, 0, 0], [10, 0, 19, 12, 4, 8, 4, 14, 4])
([1, 0, 1, 0, -1, 0, 0, 0, 0, 0], [3, 0, 46, 0, 1, 2, 1, 1, 1])
([-1, 0, 1, 1, -1, 0, 0, 0, 0, 0], [9, 0, 0, 0, 9, 8, 8, 8, 9])
([1, 0, 1, 1, -1, 0, -1, 0, 0, 0], [17, 0, 0, 0, 1, 0, 1, 2, 1])
([1, 0, 0, 0, 0, 0, 0, 0, 0, 0], [2, 2, 2, 63, 1, 1, 1, 1, 1])
([-1, 0, 0, 0, 1, 0, 0, 0, 0, 0], [4, 4, 9, 0, 9, 4, 4, 3, 3])
([1, 0, 0, -1, 1, 0, 0, 0, 0, 0], [2, 2, 0, 0, 5, 1, 1, 1, 3])
([-1, 0, 0, -1, 1, 1, 0, 0, 0, 0], [6, 4, 0, 0, 0, 12, 4, 4, 4])
([1, 0, 0, -1, 1, 1, 0, 0, 0, -1], [1, 1, 0, 0, 0, 12, 1, 1, 0])
([1, 0, 0, 0, 0, 0, 0, 0, 0, 0], [2, 9, 4, 5, 3, 2, 3, 2, 9])
([-1, 0, 1, 0, 0, 0, 0, 0, 0, 0], [3, 0, 39, 3, 3, 3, 3, 7, 3])
([1, 0, 1, -1, 0, 0, 0, 0, 0, 0], [2, 0, 0, 2, 5, 8, 1, 11, 1])
([-1, 0, 1, -1, 0, 0, 1, 0, 0, 0], [2, 0, 0, 5, 3, 0, 2, 5, 1])
([1, 0, 1, -1, 0, 0, 1, 0, -1, 0], [2, 0, 0, 3, 3, 0, 1, 0, 1])
([-1, 0, 1, -1, 1, 0, 1, 0, -1, 0], [1, 0, 0, 0, 4, 0, 1, 0, 1])
([1, 0, 0, 0, 0, 0, 0, 0, 0, 0], [3, 2, 3, 36, 1, 1, 1, 1, 1])
([-1, 0, 0, 0, 1, 0, 0, 0, 0, 0], [3, 5, 2, 0, 2, 6, 2, 6, 2])
([1, 0, -1, 0, 1, 0, 0, 0, 0, 0], [2, 0, 2, 0, 1, 2, 1, 1, 1])
([-1, 0, -1, 0, 1, 0, 0, 0, 1, 0], [2, 0, 2, 0, 2, 5, 3, 0, 1])
([1, 0, -1, 0, 1, -1, 0, 0, 1, 0], [1, 0, 1, 0, 0, 1, 11, 0, 1])
([-1, 0, -1, 0, 1, -1, 0, 1, 1, 0], [2, 0, 2, 0, 0, 4, 0, 0, 2])
([1, 0, -1, 0, 1, -1, -1, 1, 1, 0], [3, 0, 2, 0, 0, 0, 0, 0, 1])
([-1, 1, -1, 0, 1, -1, -1, 1, 1, 0], [0, 0, 1, 0, 0, 0, 0, 0, 3])
([1, 1, -1, -1, 1, -1, -1, 1, 1, 0], [0, 0, 0, 0, 0, 0, 0, 0, 3])
([1, 0, 0, 0, 0, 0, 0, 0, 0, 0], [2, 54, 1, 1, 5, 1, 1, 1, 1])
([-1, 0, 1, 0, 0, 0, 0, 0, 0, 0], [2, 0, 2, 2, 6, 2, 2, 21, 2])
([1, 0, 1, 0, 0, 0, -1, 0, 0, 0], [1, 0, 84, 1, 1, 0, 1, 1, 1])
([-1, 0, 1, 1, 0, 0, -1, 0, 0, 0], [15, 0, 0, 15, 14, 0, 14, 14, 14])
([1, 0, 1, 1, 0, 0, -1, 0, 0, -1], [1, 0, 0, 1, 20, 0, 1, 1, 0])
([-1, 0, 1, 1, 0, 1, -1, 0, 0, -1], [5, 0, 0, 5, 0, 0, 5, 4, 0])
([1, 0, 1, 1, 0, 1, -1, 0, -1, -1], [1, 0, 0, 6, 0, 0, 1, 0, 0])
([1, 0, 0, 0, 0, 0, 0, 0, 0, 0], [5, 3, 3, 3, 9, 26, 1, 1, 1])
([-1, 0, 0, 1, 0, 0, 0, 0, 0, 0], [3, 3, 0, 2, 1, 1, 1, 1, 1])
([1, 0, 0, 1, 0, 0, -1, 0, 0, 0], [2, 3, 0, 9, 1, 0, 2, 1, 1])
([-1, 0, 0, 1, 1, 0, -1, 0, 0, 0], [3, 3, 0, 0, 2, 0, 2, 2, 2])
([1, 0, 0, 1, 1, 0, -1, -1, 0, 0], [1, 20, 0, 0, 1, 0, 0, 1, 1])
([-1, 0, 0, 1, 1, 0, -1, -1, 0, 1], [3, 3, 0, 0, 2, 0, 0, 2, 0])
([1, 0, -1, 1, 1, 0, -1, -1, 0, 1], [1, 0, 0, 0, 3, 0, 0, 1, 0])
([-1, 1, -1, 1, 1, 0, -1, -1, 0, 1], [0, 0, 0, 0, 1, 0, 0, 1, 0])
([1, 0, 0, 0, 0, 0, 0, 0, 0, 0], [1, 1, 6, 1, 1, 1, 1, 1, 1])
([-1, 0, 0, 0, 0, 0, 1, 0, 0, 0], [4, 3, 10, 10, 7, 0, 8, 2, 2])
([1, 0, 0, 0, 0, 0, 1, 0, -1, 0], [12, 3, 3, 15, 1, 0, 1, 0, 1])
([-1, 0, 0, 0, 1, 0, 1, 0, -1, 0], [5, 5, 8, 0, 6, 0, 6, 0, 4])
([1, 0, 0, -1, 1, 0, 1, 0, -1, 0], [1, 1, 0, 0, 8, 0, 1, 0, 1])
([1, 0, 0, 0, 0, 0, 0, 0, 0, 0], [2, 12, 5, 32, 1, 1, 1, 1, 1])
([-1, 0, 0, 0, 1, 0, 0, 0, 0, 0], [2, 3, 1, 0, 1, 1, 2, 1, 1])
([1, 0, -1, 0, 1, 0, 0, 0, 0, 0], [1, 0, 1, 0, 11, 1, 1, 1, 1])
([-1, 0, -1, 0, 1, 1, 0, 0, 0, 0], [3, 0, 3, 0, 0, 3, 2, 2, 2])
([1, 0, -1, 0, 1, 1, 0, 0, 0, -1], [1, 0, 1, 0, 0, 1, 1, 8, 0])
([-1, 0, -1, 0, 1, 1, 0, 0, 1, -1], [3, 0, 3, 0, 0, 2, 2, 0, 0])
([1, -1, -1, 0, 1, 1, 0, 0, 1, -1], [0, 0, 1, 0, 0, 1, 5, 0, 0])
([-1, -1, -1, 0, 1, 1, 0, 1, 1, -1], [0, 0, 3, 0, 0, 2, 0, 0, 0])
([1, -1, -1, -1, 1, 1, 0, 1, 1, -1], [0, 0, 0, 0, 0, 3, 0, 0, 0])
([1, 0, 0, 0, 0, 0, 0, 0, 0, 0], [1, 1, 7, 1, 1, 1, 1, 1, 1])
([-1, 0, 0, 0, 0, 0, 0, 1, 0, 0], [8, 5, 5, 5, 5, 6, 0, 6, 8])
([1, 0, 0, 0, 0, -1, 0, 1, 0, 0], [1, 1, 5, 1, 0, 1, 0, 1, 1])
([-1, 0, 0, 1, 0, -1, 0, 1, 0, 0], [4, 3, 0, 2, 0, 4, 0, 2, 2])
([1, -1, 0, 1, 0, -1, 0, 1, 0, 0], [0, 3, 0, 6, 0, 1, 0, 1, 1])
([-1, -1, 0, 1, 0, -1, 0, 1, 0, 1], [0, 3, 0, 2, 0, 2, 0, 2, 0])
([1, -1, 0, 1, 0, -1, 0, 1, -1, 1], [0, 1, 0, 3, 0, 1, 0, 0, 0])
([-1, -1, 0, 1, 1, -1, 0, 1, -1, 1], [0, 1, 0, 0, 0, 1, 0, 0, 0])
([1, -1, 0, 1, 1, -1, -1, 1, -1, 1], [0, 3, 0, 0, 0, 0, 0, 0, 0])
([1, 0, 0, 0, 0, 0, 0, 0, 0, 0], [2, 2, 5, 1, 1, 1, 1, 1, 1])
([-1, 0, 1, 0, 0, 0, 0, 0, 0, 0], [10, 0, 9, 3, 3, 3, 3, 3, 3])
([1, -1, 1, 0, 0, 0, 0, 0, 0, 0], [0, 0, 43, 1, 1, 1, 1, 1, 5])
([-1, -1, 1, 1, 0, 0, 0, 0, 0, 0], [0, 0, 0, 15, 9, 6, 8, 8, 8])
([1, -1, 1, 1, -1, 0, 0, 0, 0, 0], [0, 0, 0, 0, 2, 3, 10, 1, 1])
([-1, -1, 1, 1, -1, 1, 0, 0, 0, 0], [0, 0, 0, 0, 0, 2, 9, 2, 2])
([1, -1, 1, 1, -1, 1, 0, 0, -1, 0], [0, 0, 0, 0, 0, 3, 4, 0, 1])
([1, 0, 0, 0, 0, 0, 0, 0, 0, 0], [2, 26, 2, 1, 1, 1, 1, 1, 1])
([-1, 0, 1, 0, 0, 0, 0, 0, 0, 0], [10, 0, 5, 14, 6, 24, 5, 8, 6])
([1, 0, 1, 0, 0, 0, -1, 0, 0, 0], [1, 0, 81, 1, 1, 0, 1, 1, 1])
([-1, 0, 1, 1, 0, 0, -1, 0, 0, 0], [17, 0, 0, 16, 15, 0, 15, 15, 15])
([1, 0, 1, 1, -1, 0, -1, 0, 0, 0], [19, 0, 0, 0, 1, 0, 1, 1, 1])
([1, 0, 0, 0, 0, 0, 0, 0, 0, 0], [2, 90, 1, 1, 2, 1, 1, 1, 1])
([-1, 0, 1, 0, 0, 0, 0, 0, 0, 0], [2, 0, 27, 13, 8, 4, 4, 2, 2])
([1, 0, 1, -1, 0, 0, 0, 0, 0, 0], [2, 0, 0, 2, 6, 1, 2, 1, 1])
([-1, 0, 1, -1, 0, 1, 0, 0, 0, 0], [2, 0, 0, 2, 0, 10, 1, 1, 1])
([1, 0, 1, -1, -1, 1, 0, 0, 0, 0], [2, 0, 0, 0, 0, 3, 3, 1, 1])
([-1, 1, 1, -1, -1, 1, 0, 0, 0, 0], [0, 0, 0, 0, 0, 6, 1, 1, 1])
([1, 1, 1, -1, -1, 1, 0, 0, -1, 0], [0, 0, 0, 0, 0, 1, 1, 0, 1])
([-1, 1, 1, -1, -1, 1, 0, 1, -1, 0], [0, 0, 0, 0, 0, 3, 0, 0, 1])
([1, 1, 1, -1, -1, 1, 0, 1, -1, -1], [0, 0, 0, 0, 0, 1, 0, 0, 0])
([1, 0, 0, 0, 0, 0, 0, 0, 0, 0], [2, 3, 2, 25, 1, 2, 1, 1, 1])
([-1, 0, 0, 0, 0, 1, 0, 0, 0, 0], [20, 20, 11, 15, 0, 9, 9, 11, 9])
([1, -1, 0, 0, 0, 1, 0, 0, 0, 0], [0, 1, 1, 1, 0, 1, 37, 1, 1])
([-1, -1, 0, 0, 0, 1, 0, 1, 0, 0], [0, 4, 9, 4, 0, 7, 0, 4, 3])
([1, -1, -1, 0, 0, 1, 0, 1, 0, 0], [0, 0, 1, 1, 0, 1, 0, 1, 15])
([-1, -1, -1, 0, 0, 1, 0, 1, 0, 1], [0, 0, 3, 3, 0, 2, 0, 2, 0])
([1, -1, -1, 0, 0, 1, 0, 1, -1, 1], [0, 0, 1, 1, 0, 6, 0, 0, 0])
([1, 0, 0, 0, 0, 0, 0, 0, 0, 0], [2, 3, 2, 3, 76, 3, 1, 1, 1])
([-1, 0, 0, 0, 0, 1, 0, 0, 0, 0], [9, 4, 4, 7, 0, 4, 11, 4, 4])
([1, -1, 0, 0, 0, 1, 0, 0, 0, 0], [0, 2, 5, 41, 0, 1, 1, 1, 1])
([-1, -1, 0, 0, 1, 1, 0, 0, 0, 0], [0, 5, 5, 0, 0, 10, 5, 8, 6])
([1, -1, 0, 0, 1, 1, -1, 0, 0, 0], [0, 1, 1, 0, 0, 0, 13, 1, 1])
([-1, -1, 0, 0, 1, 1, -1, 0, 0, 1], [0, 2, 2, 0, 0, 0, 2, 4, 0])
([1, -1, 0, 0, 1, 1, -1, 0, -1, 1], [0, 1, 1, 0, 0, 0, 6, 0, 0])
([1, 0, 0, 0, 0, 0, 0, 0, 0, 0], [1, 1, 16, 1, 1, 1, 1, 1, 1])
([-1, 0, 0, 0, 1, 0, 0, 0, 0, 0], [2, 3, 1, 0, 1, 1, 3, 1, 1])
([1, 0, 0, 0, 1, 0, 0, -1, 0, 0], [1, 1, 1, 0, 20, 1, 0, 1, 1])
([-1, 0, 0, 0, 1, 1, 0, -1, 0, 0], [4, 4, 4, 0, 0, 4, 0, 4, 3])
([1, 0, 0, 0, 1, 1, 0, -1, 0, -1], [1, 1, 1, 0, 0, 12, 0, 1, 0])
([1, 0, 0, 0, 0, 0, 0, 0, 0, 0], [1, 1, 1, 1, 60, 1, 1, 1, 1])
([-1, 0, 0, 0, 0, 1, 0, 0, 0, 0], [9, 5, 5, 11, 0, 5, 5, 5, 7])
([1, -1, 0, 0, 0, 1, 0, 0, 0, 0], [0, 1, 1, 1, 0, 20, 1, 1, 1])
([-1, -1, 0, 0, 0, 1, 1, 0, 0, 0], [0, 4, 5, 5, 0, 0, 5, 3, 3])
([1, -1, -1, 0, 0, 1, 1, 0, 0, 0], [0, 0, 1, 1, 0, 0, 8, 1, 1])
([-1, -1, -1, 1, 0, 1, 1, 0, 0, 0], [0, 0, 0, 4, 0, 0, 2, 2, 2])
([1, -1, -1, 1, 0, 1, 1, 0, 0, -1], [0, 0, 0, 1, 0, 0, 1, 6, 0])
([-1, -1, -1, 1, 0, 1, 1, 0, 1, -1], [0, 0, 0, 3, 0, 0, 2, 0, 0])
([1, -1, -1, 1, -1, 1, 1, 0, 1, -1], [0, 0, 0, 0, 0, 0, 3, 0, 0])
([1, 0, 0, 0, 0, 0, 0, 0, 0, 0], [3, 2, 65, 2, 1, 1, 1, 1, 1])
([-1, 0, 0, 1, 0, 0, 0, 0, 0, 0], [3, 4, 0, 6, 2, 8, 2, 2, 2])
([1, 0, 0, 1, -1, 0, 0, 0, 0, 0], [17, 1, 0, 0, 1, 1, 1, 1, 1])
([-1, 0, 1, 1, -1, 0, 0, 0, 0, 0], [15, 0, 0, 0, 9, 8, 8, 8, 8])
([1, 0, 1, 1, -1, 0, 0, -1, 0, 0], [19, 0, 0, 0, 1, 1, 0, 1, 1])
([1, 0, 0, 0, 0, 0, 0, 0, 0, 0], [1, 41, 1, 1, 1, 1, 1, 1, 1])
([-1, 1, 0, 0, 0, 0, 0, 0, 0, 0], [0, 1, 1, 1, 20, 1, 1, 1, 1])
([1, 1, 0, 0, 0, -1, 0, 0, 0, 0], [0, 1, 1, 1, 0, 1, 9, 1, 1])
([-1, 1, 0, 0, 0, -1, 1, 0, 0, 0], [0, 5, 1, 1, 0, 0, 1, 1, 1])
([1, 1, 0, 0, 0, -1, 1, 0, 0, -1], [0, 2, 2, 2, 0, 0, 2, 1, 0])
([-1, 1, 1, 0, 0, -1, 1, 0, 0, -1], [0, 0, 5, 1, 0, 0, 1, 1, 0])
([1, 1, 1, -1, 0, -1, 1, 0, 0, -1], [0, 0, 0, 2, 0, 0, 2, 3, 0])
([-1, 1, 1, -1, 0, -1, 1, 1, 0, -1], [0, 0, 0, 1, 0, 0, 0, 1, 0])
([1, 0, 0, 0, 0, 0, 0, 0, 0, 0], [1, 1, 1, 46, 1, 1, 1, 1, 1])
([-1, 0, 0, 0, 0, 0, 0, 1, 0, 0], [4, 4, 15, 4, 4, 9, 0, 7, 4])
([1, 0, 0, 0, -1, 0, 0, 1, 0, 0], [1, 1, 10, 0, 1, 1, 0, 1, 1])
([-1, 0, 0, 0, -1, 0, 0, 1, 1, 0], [3, 3, 2, 0, 2, 2, 0, 0, 2])
([1, 0, 0, 0, -1, 0, -1, 1, 1, 0], [1, 1, 1, 0, 8, 0, 0, 0, 1])
([-1, 0, 0, 1, -1, 0, -1, 1, 1, 0], [3, 3, 0, 0, 2, 0, 0, 0, 2])
([1, 0, -1, 1, -1, 0, -1, 1, 1, 0], [1, 0, 0, 0, 1, 0, 0, 0, 3])
([1, 0, 0, 0, 0, 0, 0, 0, 0, 0], [3, 2, 3, 2, 52, 1, 1, 1, 1])
([-1, 0, 0, 0, 0, 1, 0, 0, 0, 0], [9, 5, 5, 5, 0, 5, 5, 7, 5])
([1, 0, 0, -1, 0, 1, 0, 0, 0, 0], [1, 1, 0, 1, 0, 10, 1, 1, 1])
([-1, 1, 0, -1, 0, 1, 0, 0, 0, 0], [0, 11, 0, 5, 0, 7, 5, 5, 5])
([1, 1, 0, -1, 0, 1, 0, 0, -1, 0], [0, 1, 0, 1, 0, 9, 1, 0, 1])
([-1, 1, 0, -1, 0, 1, 1, 0, -1, 0], [0, 3, 0, 4, 0, 0, 2, 0, 2])
([1, 1, -1, -1, 0, 1, 1, 0, -1, 0], [0, 0, 0, 1, 0, 0, 6, 0, 1])
([1, 0, 0, 0, 0, 0, 0, 0, 0, 0], [1, 1, 30, 1, 1, 1, 1, 1, 1])
([-1, 0, 0, 1, 0, 0, 0, 0, 0, 0], [2, 3, 0, 2, 1, 1, 1, 1, 1])
([1, 0, 0, 1, 0, -1, 0, 0, 0, 0], [1, 85, 0, 1, 0, 1, 1, 1, 1])
([-1, 0, 1, 1, 0, -1, 0, 0, 0, 0], [9, 0, 0, 7, 0, 7, 7, 7, 7])
([1, -1, 1, 1, 0, -1, 0, 0, 0, 0], [0, 0, 0, 1, 0, 1, 1, 16, 1])
([-1, -1, 1, 1, 0, -1, 0, 0, 1, 0], [0, 0, 0, 3, 0, 3, 3, 0, 5])
([1, -1, 1, 1, 0, -1, 0, -1, 1, 0], [0, 0, 0, 5, 0, 1, 0, 0, 1])
([1, 0, 0, 0, 0, 0, 0, 0, 0, 0], [2, 5, 61, 1, 1, 1, 1, 1, 2])
([-1, 0, 0, 1, 0, 0, 0, 0, 0, 0], [5, 11, 0, 5, 6, 6, 5, 8, 8])
([1, 0, 0, 1, 0, 0, 0, 0, -1, 0], [40, 1, 0, 1, 1, 1, 1, 0, 1])
([-1, 1, 0, 1, 0, 0, 0, 0, -1, 0], [0, 4, 0, 2, 2, 2, 2, 0, 2])
([1, 1, 0, 1, -1, 0, 0, 0, -1, 0], [0, 1, 0, 0, 11, 1, 1, 0, 1])
([-1, 1, 0, 1, -1, 1, 0, 0, -1, 0], [0, 4, 0, 0, 0, 3, 5, 0, 3])
([1, 1, 0, 1, -1, 1, -1, 0, -1, 0], [0, 1, 0, 0, 0, 0, 6, 0, 1])
([-1, 1, 0, 1, -1, 1, -1, 0, -1, 1], [0, 3, 0, 0, 0, 0, 3, 0, 0])
([1, 1, -1, 1, -1, 1, -1, 0, -1, 1], [0, 0, 0, 0, 0, 0, 3, 0, 0])
([1, 0, 0, 0, 0, 0, 0, 0, 0, 0], [3, 5, 2, 54, 1, 1, 1, 1, 1])
([-1, 0, 0, 0, 1, 0, 0, 0, 0, 0], [2, 3, 1, 0, 1, 1, 2, 1, 1])
([1, 0, 0, 0, 1, 0, 0, -1, 0, 0], [2, 3, 1, 0, 1, 3, 0, 1, 1])
([-1, 0, 1, 0, 1, 0, 0, -1, 0, 0], [2, 0, 2, 0, 1, 1, 0, 1, 1])
([1, 0, 1, 0, 1, 0, -1, -1, 0, 0], [1, 0, 1, 0, 4, 0, 0, 1, 1])
([-1, 0, 1, 0, 1, 0, -1, -1, 1, 0], [2, 0, 2, 0, 1, 0, 0, 0, 1])
([1, 0, 1, 0, 1, 0, -1, -1, 1, -1], [1, 0, 1, 0, 4, 0, 0, 0, 0])
([1, 0, 0, 0, 0, 0, 0, 0, 0, 0], [1, 1, 1, 1, 44, 1, 1, 1, 1])
([-1, 0, 0, 0, 0, 1, 0, 0, 0, 0], [12, 9, 9, 22, 0, 11, 9, 14, 14])
([1, 0, 0, 0, 0, 1, -1, 0, 0, 0], [1, 1, 1, 13, 0, 0, 1, 1, 1])
([-1, 0, 0, 0, 1, 1, -1, 0, 0, 0], [6, 3, 2, 0, 0, 0, 2, 2, 2])
([1, 0, -1, 0, 1, 1, -1, 0, 0, 0], [1, 0, 1, 0, 0, 0, 1, 1, 8])
([-1, 0, -1, 0, 1, 1, -1, 0, 0, 1], [3, 0, 3, 0, 0, 0, 2, 2, 0])
([1, 0, -1, 0, 1, 1, -1, 0, -1, 1], [1, 0, 3, 0, 0, 0, 1, 0, 0])
([1, 0, 0, 0, 0, 0, 0, 0, 0, 0], [2, 2, 5, 2, 40, 1, 1, 1, 1])
([-1, 1, 0, 0, 0, 0, 0, 0, 0, 0], [0, 33, 2, 2, 4, 4, 8, 8, 2])
([1, 1, 0, 0, 0, 0, -1, 0, 0, 0], [0, 16, 2, 2, 9, 0, 1, 3, 1])
([-1, 1, 0, 1, 0, 0, -1, 0, 0, 0], [0, 4, 0, 2, 2, 0, 2, 2, 2])
([1, 1, -1, 1, 0, 0, -1, 0, 0, 0], [0, 0, 0, 2, 1, 0, 3, 1, 1])
([-1, 1, -1, 1, 0, 1, -1, 0, 0, 0], [0, 0, 0, 3, 0, 0, 2, 2, 2])
([1, 1, -1, 1, -1, 1, -1, 0, 0, 0], [0, 0, 0, 0, 0, 0, 3, 1, 1])
([1, 0, 0, 0, 0, 0, 0, 0, 0, 0], [2, 3, 3, 15, 1, 1, 1, 1, 1])
([-1, 0, 0, 0, 1, 0, 0, 0, 0, 0], [2, 4, 1, 0, 1, 1, 2, 1, 1])
([1, 0, 0, 0, 1, 0, 0, -1, 0, 0], [1, 1, 1, 0, 1, 5, 0, 1, 1])
([-1, 0, 0, 0, 1, 0, 1, -1, 0, 0], [2, 3, 1, 0, 1, 0, 0, 1, 1])
([1, 0, 0, -1, 1, 0, 1, -1, 0, 0], [3, 2, 0, 0, 7, 0, 0, 1, 1])
([1, 0, 0, 0, 0, 0, 0, 0, 0, 0], [1, 1, 1, 1, 59, 1, 1, 1, 1])
([-1, 0, 0, 0, 0, 1, 0, 0, 0, 0], [5, 2, 2, 7, 0, 2, 4, 2, 2])
([1, 0, 0, 0, 0, 1, 0, 0, 0, -1], [36, 1, 1, 1, 0, 1, 1, 1, 0])
([-1, 1, 0, 0, 0, 1, 0, 0, 0, -1], [0, 6, 6, 6, 0, 6, 8, 6, 0])
([1, 1, 0, 0, -1, 1, 0, 0, 0, -1], [0, 10, 1, 0, 0, 1, 1, 1, 0])
([-1, 1, 1, 0, -1, 1, 0, 0, 0, -1], [0, 0, 7, 0, 0, 3, 3, 3, 0])
([1, 1, 1, -1, -1, 1, 0, 0, 0, -1], [0, 0, 0, 0, 0, 3, 4, 1, 0])
([1, 0, 0, 0, 0, 0, 0, 0, 0, 0], [3, 5, 12, 1, 3, 1, 1, 1, 1])
([-1, 0, 0, 1, 0, 0, 0, 0, 0, 0], [1, 4, 0, 1, 1, 1, 1, 1, 1])
([1, 0, 0, 1, 0, 0, 0, -1, 0, 0], [1, 51, 0, 1, 1, 1, 0, 1, 1])
([-1, 0, 1, 1, 0, 0, 0, -1, 0, 0], [16, 0, 0, 15, 16, 15, 0, 15, 15])
([1, 0, 1, 1, 0, 0, 0, -1, 0, -1], [17, 0, 0, 1, 1, 1, 0, 1, 0])
([1, 0, 0, 0, 0, 0, 0, 0, 0, 0], [1, 1, 1, 1, 52, 1, 1, 1, 1])
([-1, 0, 0, 0, 0, 1, 0, 0, 0, 0], [9, 11, 7, 7, 0, 10, 7, 7, 7])
([1, 0, 0, 0, 0, 1, 0, 0, 0, -1], [1, 1, 21, 1, 0, 1, 1, 1, 0])
([-1, 0, 0, 1, 0, 1, 0, 0, 0, -1], [3, 3, 0, 2, 0, 2, 2, 2, 0])
([1, 0, 0, 1, 0, 1, 0, 0, -1, -1], [19, 1, 0, 1, 0, 1, 1, 0, 0])
([-1, 1, 0, 1, 0, 1, 0, 0, -1, -1], [0, 5, 0, 5, 0, 5, 4, 0, 0])
([1, 1, 0, 1, -1, 1, 0, 0, -1, -1], [0, 1, 0, 0, 0, 1, 6, 0, 0])
([1, 0, 0, 0, 0, 0, 0, 0, 0, 0], [1, 1, 1, 1, 68, 1, 1, 1, 1])
([-1, 0, 0, 0, 0, 1, 0, 0, 0, 0], [16, 11, 14, 9, 0, 9, 16, 14, 9])
([1, 0, 0, 0, 0, 1, 0, -1, 0, 0], [1, 1, 1, 19, 0, 1, 0, 1, 1])
([-1, 0, 0, 0, 1, 1, 0, -1, 0, 0], [4, 3, 3, 0, 0, 3, 0, 3, 3])
([1, 0, 0, -1, 1, 1, 0, -1, 0, 0], [1, 1, 0, 0, 0, 8, 0, 1, 1])
([1, 0, 0, 0, 0, 0, 0, 0, 0, 0], [1, 1, 1, 1, 1, 1, 56, 1, 1])
([-1, 0, 0, 0, 0, 1, 0, 0, 0, 0], [6, 15, 12, 15, 0, 6, 6, 6, 6])
([1, -1, 0, 0, 0, 1, 0, 0, 0, 0], [0, 17, 1, 3, 0, 1, 1, 1, 1])
([-1, -1, 1, 0, 0, 1, 0, 0, 0, 0], [0, 0, 9, 1, 0, 1, 1, 1, 3])
([1, -1, 1, -1, 0, 1, 0, 0, 0, 0], [0, 0, 0, 1, 0, 5, 1, 1, 1])
([-1, -1, 1, -1, 0, 1, 0, 1, 0, 0], [0, 0, 0, 2, 0, 6, 0, 1, 5])
([1, -1, 1, -1, 0, 1, 0, 1, 0, -1], [0, 0, 0, 1, 0, 1, 0, 4, 0])
([-1, -1, 1, -1, 0, 1, 0, 1, 1, -1], [0, 0, 0, 1, 0, 3, 0, 0, 0])
([1, -1, 1, -1, -1, 1, 0, 1, 1, -1], [0, 0, 0, 0, 0, 1, 0, 0, 0])
([1, 0, 0, 0, 0, 0, 0, 0, 0, 0], [3, 2, 2, 2, 95, 1, 1, 1, 1])
([-1, 0, 0, 0, 0, 1, 0, 0, 0, 0], [5, 5, 5, 5, 0, 6, 5, 5, 4])
([1, 0, 0, -1, 0, 1, 0, 0, 0, 0], [1, 1, 0, 1, 0, 13, 1, 1, 1])
([-1, 0, 0, -1, 0, 1, 1, 0, 0, 0], [2, 2, 0, 2, 0, 0, 4, 2, 2])
([1, 0, 0, -1, 0, 1, 1, 0, 0, -1], [7, 1, 0, 1, 0, 0, 1, 1, 0])
([1, 0, 0, 0, 0, 0, 0, 0, 0, 0], [1, 1, 7, 1, 1, 1, 1, 1, 1])
([-1, 0, 0, 1, 0, 0, 0, 0, 0, 0], [2, 3, 0, 1, 1, 1, 1, 1, 1])
([1, 0, -1, 1, 0, 0, 0, 0, 0, 0], [3, 0, 0, 2, 1, 1, 1, 1, 1])
([-1, 0, -1, 1, 0, 0, 1, 0, 0, 0], [4, 0, 0, 1, 1, 0, 1, 1, 1])
([1, -1, -1, 1, 0, 0, 1, 0, 0, 0], [0, 0, 0, 2, 1, 0, 1, 2, 1])
([-1, -1, -1, 1, 0, 1, 1, 0, 0, 0], [0, 0, 0, 5, 0, 0, 2, 2, 2])
([1, -1, -1, 1, 0, 1, 1, 0, 0, -1], [0, 0, 0, 1, 0, 0, 1, 6, 0])
([-1, -1, -1, 1, 0, 1, 1, 0, 1, -1], [0, 0, 0, 3, 0, 0, 3, 0, 0])
([1, -1, -1, 1, -1, 1, 1, 0, 1, -1], [0, 0, 0, 0, 0, 0, 3, 0, 0])
([1, 0, 0, 0, 0, 0, 0, 0, 0, 0], [9, 2, 2, 2, 41, 1, 1, 1, 1])
([-1, 0, 0, 0, 0, 1, 0, 0, 0, 0], [6, 12, 5, 5, 0, 6, 4, 4, 4])
([1, 0, 0, -1, 0, 1, 0, 0, 0, 0], [1, 1, 0, 1, 0, 11, 1, 1, 1])
([-1, 0, 0, -1, 0, 1, 0, 1, 0, 0], [8, 3, 0, 3, 0, 2, 0, 6, 2])
([1, -1, 0, -1, 0, 1, 0, 1, 0, 0], [0, 5, 0, 2, 0, 7, 0, 2, 1])
([-1, -1, 0, -1, 0, 1, 0, 1, 0, 1], [0, 1, 0, 1, 0, 1, 0, 7, 0])
([1, -1, 0, -1, -1, 1, 0, 1, 0, 1], [0, 1, 0, 0, 0, 3, 0, 1, 0])
([1, 0, 0, 0, 0, 0, 0, 0, 0, 0], [2, 2, 3, 5, 59, 1, 1, 1, 1])
([-1, 0, 0, 0, 0, 1, 0, 0, 0, 0], [8, 6, 10, 10, 0, 8, 6, 6, 8])
([1, 0, 0, 0, 0, 1, -1, 0, 0, 0], [1, 1, 1, 1, 0, 0, 30, 1, 1])
([-1, 0, 0, 0, 0, 1, -1, 1, 0, 0], [3, 3, 17, 2, 0, 0, 0, 2, 2])
([1, -1, 0, 0, 0, 1, -1, 1, 0, 0], [0, 2, 14, 1, 0, 0, 0, 1, 2])
([1, 0, 0, 0, 0, 0, 0, 0, 0, 0], [1, 1, 1, 1, 121, 1, 1, 1, 1])
([-1, 0, 0, 0, 0, 1, 0, 0, 0, 0], [5, 4, 13, 5, 0, 5, 4, 4, 3])
([1, 0, 0, 0, 0, 1, 0, -1, 0, 0], [3, 2, 3, 15, 0, 1, 0, 1, 1])
([-1, 1, 0, 0, 0, 1, 0, -1, 0, 0], [0, 17, 2, 2, 0, 2, 0, 2, 2])
([1, 1, 0, 0, -1, 1, 0, -1, 0, 0], [0, 6, 1, 0, 0, 3, 0, 1, 1])
([-1, 1, 0, 0, -1, 1, 0, -1, 1, 0], [0, 9, 2, 0, 0, 2, 0, 0, 2])
([1, 0, 0, 0, 0, 0, 0, 0, 0, 0], [5, 5, 29, 1, 3, 1, 1, 1, 1])
([-1, 0, 0, 1, 0, 0, 0, 0, 0, 0], [3, 3, 0, 2, 2, 2, 4, 2, 2])
([1, 0, -1, 1, 0, 0, 0, 0, 0, 0], [1, 0, 0, 3, 1, 1, 1, 1, 1])
([-1, 0, -1, 1, 1, 0, 0, 0, 0, 0], [1, 0, 0, 0, 1, 1, 1, 1, 1])
([1, -1, -1, 1, 1, 0, 0, 0, 0, 0], [0, 0, 0, 0, 3, 1, 1, 1, 1])
([-1, -1, -1, 1, 1, 0, 0, 0, 0, 1], [0, 0, 0, 0, 1, 1, 1, 1, 0])
([1, -1, -1, 1, 1, 0, 0, 0, -1, 1], [0, 0, 0, 0, 3, 1, 1, 0, 0])
([-1, -1, -1, 1, 1, 0, 0, 1, -1, 1], [0, 0, 0, 0, 1, 1, 0, 0, 0])
([1, 0, 0, 0, 0, 0, 0, 0, 0, 0], [5, 3, 3, 27, 12, 1, 1, 1, 1])
([-1, 0, 1, 0, 0, 0, 0, 0, 0, 0], [5, 0, 14, 3, 22, 3, 5, 3, 3])
([1, 0, 1, 0, -1, 0, 0, 0, 0, 0], [2, 0, 35, 0, 3, 1, 1, 1, 1])
([-1, 0, 1, 1, -1, 0, 0, 0, 0, 0], [10, 0, 0, 0, 6, 6, 6, 6, 6])
([1, -1, 1, 1, -1, 0, 0, 0, 0, 0], [0, 0, 0, 0, 2, 3, 6, 1, 1])
([-1, -1, 1, 1, -1, 1, 0, 0, 0, 0], [0, 0, 0, 0, 0, 2, 9, 2, 2])
([1, -1, 1, 1, -1, 1, 0, 0, 0, -1], [0, 0, 0, 0, 0, 5, 1, 1, 0])
([-1, -1, 1, 1, -1, 1, 1, 0, 0, -1], [0, 0, 0, 0, 0, 0, 3, 2, 0])
([1, -1, 1, 1, -1, 1, 1, 0, -1, -1], [0, 0, 0, 0, 0, 0, 3, 0, 0])
([1, 0, 0, 0, 0, 0, 0, 0, 0, 0], [1, 1, 14, 1, 1, 1, 1, 1, 1])
([-1, 0, 0, 0, 0, 1, 0, 0, 0, 0], [5, 5, 5, 5, 0, 6, 5, 5, 4])
([1, 0, 0, -1, 0, 1, 0, 0, 0, 0], [1, 1, 0, 1, 0, 30, 1, 1, 1])
([-1, 0, 0, -1, 0, 1, 1, 0, 0, 0], [2, 3, 0, 1, 0, 0, 1, 2, 1])
([1, 0, 0, -1, -1, 1, 1, 0, 0, 0], [1, 4, 0, 0, 0, 0, 1, 1, 1])
([-1, 0, 1, -1, -1, 1, 1, 0, 0, 0], [3, 0, 0, 0, 0, 0, 1, 2, 1])
([1, 0, 1, -1, -1, 1, 1, 0, -1, 0], [1, 0, 0, 0, 0, 0, 1, 0, 1])
([-1, 0, 1, -1, -1, 1, 1, 0, -1, 1], [2, 0, 0, 0, 0, 0, 2, 0, 0])
([1, -1, 1, -1, -1, 1, 1, 0, -1, 1], [0, 0, 0, 0, 0, 0, 1, 0, 0])
([1, 0, 0, 0, 0, 0, 0, 0, 0, 0], [1, 1, 42, 1, 1, 1, 1, 1, 1])
([-1, 0, 0, 1, 0, 0, 0, 0, 0, 0], [6, 3, 0, 4, 2, 2, 2, 2, 2])
([1, -1, 0, 1, 0, 0, 0, 0, 0, 0], [0, 53, 0, 1, 1, 1, 1, 1, 1])
([-1, -1, 1, 1, 0, 0, 0, 0, 0, 0], [0, 0, 0, 7, 8, 8, 8, 8, 6])
([1, -1, 1, 1, 0, 0, -1, 0, 0, 0], [0, 0, 0, 1, 1, 0, 1, 1, 17])
([-1, -1, 1, 1, 0, 0, -1, 0, 0, 1], [0, 0, 0, 5, 4, 0, 4, 4, 0])
([1, -1, 1, 1, -1, 0, -1, 0, 0, 1], [0, 0, 0, 0, 5, 0, 1, 1, 0])
([-1, -1, 1, 1, -1, 1, -1, 0, 0, 1], [0, 0, 0, 0, 0, 0, 4, 2, 0])
([1, 0, 0, 0, 0, 0, 0, 0, 0, 0], [1, 1, 1, 1, 50, 1, 1, 1, 1])
([-1, 0, 1, 0, 0, 0, 0, 0, 0, 0], [3, 0, 2, 3, 3, 2, 3, 9, 1])
([1, -1, 1, 0, 0, 0, 0, 0, 0, 0], [0, 0, 1, 1, 1, 1, 22, 1, 1])
([-1, -1, 1, 0, 0, 0, 1, 0, 0, 0], [0, 0, 4, 5, 5, 0, 5, 5, 4])
([1, -1, 1, 0, 0, 0, 1, -1, 0, 0], [0, 0, 13, 1, 3, 0, 0, 1, 1])
([-1, -1, 1, 0, 0, 1, 1, -1, 0, 0], [0, 0, 2, 1, 0, 0, 0, 3, 1])
([1, -1, 1, 0, 0, 1, 1, -1, -1, 0], [0, 0, 2, 3, 0, 0, 0, 0, 2])
([1, 0, 0, 0, 0, 0, 0, 0, 0, 0], [2, 5, 3, 3, 60, 1, 1, 1, 1])
([-1, 0, 0, 0, 0, 1, 0, 0, 0, 0], [11, 13, 7, 14, 0, 9, 7, 7, 7])
([1, 0, 0, -1, 0, 1, 0, 0, 0, 0], [1, 1, 0, 1, 0, 1, 1, 1, 36])
([-1, 0, 0, -1, 0, 1, 0, 0, 0, 1], [2, 2, 0, 3, 0, 2, 5, 1, 0])
([1, 0, 0, -1, 0, 1, 0, -1, 0, 1], [14, 1, 0, 1, 0, 1, 0, 1, 0])
([-1, 0, 1, -1, 0, 1, 0, -1, 0, 1], [3, 0, 0, 1, 0, 1, 0, 1, 0])
([1, 0, 1, -1, 0, 1, -1, -1, 0, 1], [1, 0, 0, 1, 0, 0, 0, 1, 0])
([-1, 1, 1, -1, 0, 1, -1, -1, 0, 1], [0, 0, 0, 2, 0, 0, 0, 2, 0])
([1, 0, 0, 0, 0, 0, 0, 0, 0, 0], [2, 66, 2, 1, 1, 1, 1, 1, 1])
([-1, 0, 1, 0, 0, 0, 0, 0, 0, 0], [2, 0, 2, 2, 2, 2, 6, 2, 2])
([1, 0, 1, 0, -1, 0, 0, 0, 0, 0], [2, 0, 46, 0, 2, 1, 1, 1, 1])
([-1, 0, 1, 0, -1, 1, 0, 0, 0, 0], [2, 0, 9, 0, 0, 1, 1, 1, 1])
([1, 0, 1, -1, -1, 1, 0, 0, 0, 0], [2, 0, 0, 0, 0, 2, 3, 3, 4])
([-1, 1, 1, -1, -1, 1, 0, 0, 0, 0], [0, 0, 0, 0, 0, 1, 1, 3, 1])
([1, 1, 1, -1, -1, 1, -1, 0, 0, 0], [0, 0, 0, 0, 0, 0, 3, 3, 2])
([-1, 1, 1, -1, -1, 1, -1, 0, 1, 0], [0, 0, 0, 0, 0, 0, 3, 0, 1])
([1, 1, 1, -1, -1, 1, -1, -1, 1, 0], [0, 0, 0, 0, 0, 0, 0, 0, 1])
([1, 0, 0, 0, 0, 0, 0, 0, 0, 0], [1, 1, 1, 1, 1, 1, 38, 1, 1])
([-1, 0, 0, 0, 0, 0, 0, 0, 0, 1], [3, 3, 58, 16, 6, 2, 2, 8, 0])
([1, 0, 0, -1, 0, 0, 0, 0, 0, 1], [2, 10, 0, 20, 2, 2, 6, 4, 0])
([-1, 0, 0, -1, 0, 0, 0, 1, 0, 1], [11, 4, 0, 4, 4, 5, 0, 14, 0])
([1, -1, 0, -1, 0, 0, 0, 1, 0, 1], [0, 1, 0, 1, 1, 1, 0, 16, 0])
([1, 0, 0, 0, 0, 0, 0, 0, 0, 0], [1, 1, 1, 1, 41, 1, 1, 1, 1])
([-1, 0, 0, 0, 0, 1, 0, 0, 0, 0], [9, 9, 5, 10, 0, 5, 5, 9, 5])
([1, -1, 0, 0, 0, 1, 0, 0, 0, 0], [0, 3, 2, 12, 0, 1, 1, 1, 1])
([-1, -1, 0, 0, 0, 1, 0, 0, 1, 0], [0, 7, 5, 4, 0, 4, 7, 0, 4])
([1, -1, 0, 0, 0, 1, 0, -1, 1, 0], [0, 3, 16, 1, 0, 1, 0, 0, 1])
([-1, -1, 0, 1, 0, 1, 0, -1, 1, 0], [0, 3, 0, 8, 0, 4, 0, 0, 2])
([1, 0, 0, 0, 0, 0, 0, 0, 0, 0], [2, 7, 2, 118, 1, 1, 1, 1, 1])
([-1, 0, 0, 0, 1, 0, 0, 0, 0, 0], [5, 3, 11, 0, 7, 7, 3, 3, 3])
([1, 0, 0, -1, 1, 0, 0, 0, 0, 0], [2, 4, 0, 0, 2, 2, 21, 3, 2])
([-1, 0, 0, -1, 1, 0, 0, 1, 0, 0], [6, 5, 0, 0, 6, 8, 0, 8, 8])
([1, 0, 0, -1, 1, 0, 0, 1, -1, 0], [1, 1, 0, 0, 8, 1, 0, 0, 1])
([-1, 0, 0, -1, 1, 1, 0, 1, -1, 0], [4, 3, 0, 0, 0, 2, 0, 0, 2])
([1, -1, 0, -1, 1, 1, 0, 1, -1, 0], [0, 3, 0, 0, 0, 1, 0, 0, 2])
([1, 0, 0, 0, 0, 0, 0, 0, 0, 0], [2, 2, 24, 1, 1, 1, 1, 1, 1])
([-1, 1, 0, 0, 0, 0, 0, 0, 0, 0], [0, 25, 19, 5, 18, 7, 3, 3, 11])
([1, 1, 0, 0, 0, -1, 0, 0, 0, 0], [0, 2, 2, 2, 0, 2, 10, 1, 1])
([-1, 1, 0, 0, 0, -1, 1, 0, 0, 0], [0, 4, 3, 1, 0, 0, 1, 1, 1])
([1, 1, 0, 0, 0, -1, 1, -1, 0, 0], [0, 2, 8, 1, 0, 0, 0, 2, 1])
([-1, 1, 0, 0, 0, -1, 1, -1, 1, 0], [0, 2, 9, 2, 0, 0, 0, 0, 2])
([1, 1, 0, 0, 0, -1, 1, -1, 1, -1], [0, 6, 2, 2, 0, 0, 0, 0, 0])
([-1, 1, 0, 1, 0, -1, 1, -1, 1, -1], [0, 4, 0, 2, 0, 0, 0, 0, 0])
([1, 0, 0, 0, 0, 0, 0, 0, 0, 0], [2, 2, 2, 3, 31, 1, 1, 1, 1])
([-1, 0, 0, 0, 0, 1, 0, 0, 0, 0], [11, 11, 8, 8, 0, 8, 10, 11, 8])
([1, -1, 0, 0, 0, 1, 0, 0, 0, 0], [0, 1, 1, 27, 0, 1, 1, 1, 1])
([-1, -1, 1, 0, 0, 1, 0, 0, 0, 0], [0, 0, 7, 6, 0, 5, 3, 3, 3])
([1, -1, 1, 0, -1, 1, 0, 0, 0, 0], [0, 0, 3, 0, 0, 2, 14, 1, 1])
([-1, -1, 1, 0, -1, 1, 0, 0, 1, 0], [0, 0, 4, 0, 0, 3, 7, 0, 2])
([1, 0, 0, 0, 0, 0, 0, 0, 0, 0], [1, 13, 1, 1, 1, 1, 1, 1, 1])
([-1, 1, 0, 0, 0, 0, 0, 0, 0, 0], [0, 13, 3, 2, 3, 29, 2, 2, 19])
([1, 1, -1, 0, 0, 0, 0, 0, 0, 0], [0, 0, 2, 2, 2, 2, 2, 12, 1])
([-1, 1, -1, 1, 0, 0, 0, 0, 0, 0], [0, 0, 0, 10, 1, 1, 1, 1, 5])
([1, 1, -1, 1, 0, 0, 0, 0, 0, -1], [0, 0, 0, 2, 1, 3, 1, 1, 0])
([-1, 1, -1, 1, 0, 0, 1, 0, 0, -1], [0, 0, 0, 2, 2, 0, 5, 1, 0])
([1, 1, -1, 1, -1, 0, 1, 0, 0, -1], [0, 0, 0, 0, 2, 0, 2, 2, 0])
([-1, 1, -1, 1, -1, 0, 1, 0, 1, -1], [0, 0, 0, 0, 2, 0, 4, 0, 0])
([1, 0, 0, 0, 0, 0, 0, 0, 0, 0], [2, 2, 2, 2, 2, 9, 2, 115, 1])
([-1, 0, 0, 0, 0, 0, 0, 0, 1, 0], [18, 14, 22, 10, 12, 5, 6, 0, 4])
([1, 0, 0, 0, -1, 0, 0, 0, 1, 0], [1, 28, 1, 0, 1, 1, 1, 0, 1])
([-1, 0, 1, 0, -1, 0, 0, 0, 1, 0], [7, 0, 9, 0, 7, 7, 12, 0, 12])
([1, 0, 1, 0, -1, 0, 0, 0, 1, -1], [1, 0, 1, 0, 1, 1, 15, 0, 0])
([-1, 0, 1, 0, -1, 0, 0, 1, 1, -1], [3, 0, 3, 0, 3, 2, 0, 0, 0])
([1, 0, 1, -1, -1, 0, 0, 1, 1, -1], [1, 0, 0, 0, 1, 5, 0, 0, 0])
([-1, 0, 1, -1, -1, 1, 0, 1, 1, -1], [2, 0, 0, 0, 0, 2, 0, 0, 0])
([1, -1, 1, -1, -1, 1, 0, 1, 1, -1], [0, 0, 0, 0, 0, 1, 0, 0, 0])
([1, 0, 0, 0, 0, 0, 0, 0, 0, 0], [1, 1, 51, 1, 1, 1, 1, 1, 1])
([-1, 0, 0, 0, 0, 0, 0, 0, 1, 0], [26, 2, 10, 2, 12, 2, 8, 0, 2])
([1, 0, 0, 0, 0, -1, 0, 0, 1, 0], [2, 2, 10, 1, 0, 1, 1, 0, 1])
([-1, 0, 0, 1, 0, -1, 0, 0, 1, 0], [2, 3, 0, 2, 0, 1, 1, 0, 1])
([1, 0, 0, 1, 0, -1, 0, -1, 1, 0], [3, 2, 0, 7, 0, 1, 0, 0, 1])
([-1, 1, 0, 1, 0, -1, 0, -1, 1, 0], [0, 3, 0, 2, 0, 2, 0, 0, 2])
([1, 1, 0, 1, -1, -1, 0, -1, 1, 0], [0, 5, 0, 0, 0, 1, 0, 0, 1])
([-1, 1, 0, 1, -1, -1, 1, -1, 1, 0], [0, 4, 0, 0, 0, 0, 0, 0, 2])
([1, 1, 0, 1, -1, -1, 1, -1, 1, -1], [0, 3, 0, 0, 0, 0, 0, 0, 0])
