([-1, 1, 1, -1, 0, -1, 0, 0, 1, 0], [0, 0, 0, 2, 0, 3, 2, 0, 5])
([1, 1, 1, -1, 0, -1, -1, 0, 1, 0], [0, 0, 0, 2, 0, 0, 6, 0, 2])
([-1, 1, 1, -1, 0, -1, -1, 0, 1, 1], [0, 0, 0, 2, 0, 0, 4, 0, 0])
([1, 0, 0, 0, 0, 0, 0, 0, 0, 0], [1, 1, 1, 1, 72, 1, 1, 1, 1])
([-1, 0, 0, 0, 0, 0, 0, 0, 1, 0], [2, 2, 2, 2, 3, 2, 31, 0, 1])
([1, 0, 0, 0, 0, 0, 0, -1, 1, 0], [5, 3, 5, 10, 10, 10, 0, 0, 3])
([-1, 0, 0, 0, 0, 0, 0, -1, 1, 1], [3, 14, 6, 17, 2, 2, 0, 0, 0])
([1, 0, 0, 0, -1, 0, 0, -1, 1, 1], [4, 11, 4, 0, 2, 2, 0, 0, 0])
([-1, 0, 0, 1, -1, 0, 0, -1, 1, 1], [9, 2, 0, 0, 2, 2, 0, 0, 0])
([1, 0, 0, 0, 0, 0, 0, 0, 0, 0], [3, 39, 1, 1, 1, 1, 1, 1, 2])
([-1, 0, 1, 0, 0, 0, 0, 0, 0, 0], [11, 0, 6, 2, 4, 9, 2, 11, 2])
([1, 0, 1, 0, 0, 0, 0, 0, -1, 0], [1, 0, 88, 1, 1, 1, 1, 0, 1])
([-1, 0, 1, 1, 0, 0, 0, 0, -1, 0], [9, 0, 0, 8, 7, 7, 8, 0, 8])
([1, 0, 1, 1, 0, 0, -1, 0, -1, 0], [1, 0, 0, 18, 1, 0, 1, 0, 1])
([1, 0, 0, 0, 0, 0, 0, 0, 0, 0], [2, 3, 16, 2, 1, 1, 1, 1, 1])
([-1, 0, 0, 1, 0, 0, 0, 0, 0, 0], [7, 8, 0, 8, 6, 6, 12, 10, 6])
([1, 0, 0, 1, -1, 0, 0, 0, 0, 0], [9, 1, 0, 0, 1, 1, 1, 1, 1])
([-1, 0, 1, 1, -1, 0, 0, 0, 0, 0], [14, 0, 0, 0, 16, 18, 14, 14, 14])
([1, 0, 1, 1, -1, -1, 0, 0, 0, 0], [1, 0, 0, 0, 0, 1, 1, 14, 1])
([-1, 0, 1, 1, -1, -1, 0, 0, 1, 0], [4, 0, 0, 0, 0, 4, 6, 0, 4])
([1, -1, 1, 1, -1, -1, 0, 0, 1, 0], [0, 0, 0, 0, 0, 2, 4, 0, 3])
([-1, -1, 1, 1, -1, -1, 0, 0, 1, 1], [0, 0, 0, 0, 0, 3, 3, 0, 0])
([1, 0, 0, 0, 0, 0, 0, 0, 0, 0], [5, 2, 14, 2, 32, 1, 1, 1, 2])
([-1, 0, 0, 1, 0, 0, 0, 0, 0, 0], [3, 3, 0, 3, 3, 3, 26, 2, 2])
([1, 0, 0, 1, 0, 0, -1, 0, 0, 0], [1, 1, 0, 1, 1, 0, 36, 1, 1])
([-1, 0, 0, 1, 0, 0, -1, 1, 0, 0], [5, 5, 0, 5, 7, 0, 0, 6, 5])
([1, -1, 0, 1, 0, 0, -1, 1, 0, 0], [0, 1, 0, 1, 18, 0, 0, 1, 1])
([-1, -1, 0, 1, 1, 0, -1, 1, 0, 0], [0, 3, 0, 0, 2, 0, 0, 2, 2])
([1, -1, 0, 1, 1, 0, -1, 1, -1, 0], [0, 6, 0, 0, 1, 0, 0, 0, 1])
([1, 0, 0, 0, 0, 0, 0, 0, 0, 0], [2, 5, 11, 5, 5, 2, 2, 89, 2])
([-1, 0, 0, 1, 0, 0, 0, 0, 0, 0], [3, 3, 0, 4, 2, 2, 8, 2, 2])
([1, 0, 0, 1, 0, 0, 0, 0, 0, -1], [8, 1, 0, 3, 1, 1, 1, 1, 0])
([-1, 0, 0, 1, 1, 0, 0, 0, 0, -1], [3, 3, 0, 0, 4, 2, 4, 2, 0])
([1, 0, 0, 1, 1, -1, 0, 0, 0, -1], [1, 16, 0, 0, 0, 1, 1, 1, 0])
([1, 0, 0, 0, 0, 0, 0, 0, 0, 0], [16, 7, 54, 1, 1, 1, 1, 1, 2])
([-1, 0, 0, 1, 0, 0, 0, 0, 0, 0], [6, 7, 0, 9, 11, 11, 5, 9, 5])
([1, 0, -1, 1, 0, 0, 0, 0, 0, 0], [2, 0, 0, 2, 1, 1, 1, 1, 2])
([-1, 0, -1, 1, 1, 0, 0, 0, 0, 0], [1, 0, 0, 0, 1, 1, 1, 1, 1])
([1, 0, -1, 1, 1, 0, 0, 0, 0, -1], [1, 0, 0, 0, 1, 1, 3, 1, 0])
([-1, 0, -1, 1, 1, 0, 0, 1, 0, -1], [1, 0, 0, 0, 1, 1, 0, 1, 0])
([1, 0, -1, 1, 1, 0, 0, 1, -1, -1], [2, 0, 0, 0, 2, 1, 0, 0, 0])
([-1, 1, -1, 1, 1, 0, 0, 1, -1, -1], [0, 0, 0, 0, 1, 1, 0, 0, 0])
([1, 1, -1, 1, 1, 0, -1, 1, -1, -1], [0, 0, 0, 0, 1, 0, 0, 0, 0])
([1, 0, 0, 0, 0, 0, 0, 0, 0, 0], [2, 2, 35, 1, 1, 1, 2, 1, 1])
([-1, 0, 0, 1, 0, 0, 0, 0, 0, 0], [2, 4, 0, 3, 1, 1, 1, 1, 1])
([1, 0, -1, 1, 0, 0, 0, 0, 0, 0], [2, 0, 0, 2, 1, 1, 1, 1, 1])
([-1, 0, -1, 1, 1, 0, 0, 0, 0, 0], [1, 0, 0, 0, 1, 1, 1, 1, 1])
([1, 0, -1, 1, 1, 0, 0, 0, 0, -1], [2, 0, 0, 0, 1, 2, 1, 1, 0])
([-1, 0, -1, 1, 1, 0, 1, 0, 0, -1], [1, 0, 0, 0, 1, 0, 1, 1, 0])
([1, 0, -1, 1, 1, -1, 1, 0, 0, -1], [3, 0, 0, 0, 0, 0, 1, 1, 0])
([-1, 1, -1, 1, 1, -1, 1, 0, 0, -1], [0, 0, 0, 0, 0, 0, 1, 1, 0])
([1, 0, 0, 0, 0, 0, 0, 0, 0, 0], [52, 1, 1, 1, 1, 1, 1, 1, 3])
([-1, 1, 0, 0, 0, 0, 0, 0, 0, 0], [0, 7, 7, 2, 2, 2, 2, 11, 2])
([1, 1, 0, 0, 0, 0, -1, 0, 0, 0], [0, 2, 3, 2, 2, 0, 34, 1, 1])
([-1, 1, 0, 0, 0, 0, -1, 1, 0, 0], [0, 8, 11, 6, 10, 0, 0, 7, 6])
([1, 1, 0, 0, 0, -1, -1, 1, 0, 0], [0, 1, 1, 1, 0, 0, 0, 13, 1])
([-1, 1, 0, 0, 0, -1, -1, 1, 1, 0], [0, 3, 5, 2, 0, 0, 0, 0, 2])
([1, 1, 0, 0, -1, -1, -1, 1, 1, 0], [0, 6, 1, 0, 0, 0, 0, 0, 1])
([-1, 1, 1, 0, -1, -1, -1, 1, 1, 0], [0, 0, 3, 0, 0, 0, 0, 0, 2])
([1, 1, 1, 0, -1, -1, -1, 1, 1, -1], [0, 0, 3, 0, 0, 0, 0, 0, 0])
([1, 0, 0, 0, 0, 0, 0, 0, 0, 0], [1, 1, 1, 1, 29, 1, 1, 1, 1])
([-1, 0, 0, 0, 0, 1, 0, 0, 0, 0], [3, 3, 3, 12, 0, 6, 6, 2, 2])
([1, 0, 0, 0, 0, 1, -1, 0, 0, 0], [1, 1, 1, 1, 0, 0, 49, 1, 1])
([-1, 0, 0, 0, 1, 1, -1, 0, 0, 0], [4, 6, 9, 0, 0, 0, 7, 9, 4])
([1, 0, 0, 0, 1, 1, -1, 0, -1, 0], [1, 1, 12, 0, 0, 0, 1, 0, 1])
([1, 0, 0, 0, 0, 0, 0, 0, 0, 0], [3, 2, 2, 37, 1, 1, 1, 1, 1])
([-1, 0, 0, 0, 1, 0, 0, 0, 0, 0], [4, 8, 23, 0, 10, 4, 4, 6, 10])
([1, 0, 0, 0, 1, -1, 0, 0, 0, 0], [3, 24, 1, 0, 0, 1, 1, 1, 1])
([-1, 0, 1, 0, 1, -1, 0, 0, 0, 0], [3, 0, 7, 0, 0, 2, 1, 1, 1])
([1, -1, 1, 0, 1, -1, 0, 0, 0, 0], [0, 0, 18, 0, 0, 1, 1, 3, 1])
([-1, -1, 1, 0, 1, -1, 0, 0, 1, 0], [0, 0, 3, 0, 0, 3, 3, 0, 5])
([1, -1, 1, 0, 1, -1, 0, 0, 1, -1], [0, 0, 4, 0, 0, 1, 2, 0, 0])
([1, 0, 0, 0, 0, 0, 0, 0, 0, 0], [2, 5, 22, 1, 1, 1, 11, 1, 1])
([-1, 0, 0, 1, 0, 0, 0, 0, 0, 0], [7, 7, 0, 5, 7, 5, 7, 5, 7])
([1, -1, 0, 1, 0, 0, 0, 0, 0, 0], [0, 45, 0, 1, 3, 1, 1, 1, 1])
([-1, -1, 1, 1, 0, 0, 0, 0, 0, 0], [0, 0, 0, 17, 16, 14, 14, 16, 14])
([1, -1, 1, 1, -1, 0, 0, 0, 0, 0], [0, 0, 0, 0, 1, 1, 7, 1, 1])
([-1, -1, 1, 1, -1, 0, 0, 1, 0, 0], [0, 0, 0, 0, 4, 4, 0, 6, 4])
([1, -1, 1, 1, -1, 0, 0, 1, 0, -1], [0, 0, 0, 0, 1, 1, 0, 5, 0])
([-1, -1, 1, 1, -1, 0, 0, 1, 1, -1], [0, 0, 0, 0, 3, 2, 0, 0, 0])
([1, -1, 1, 1, -1, -1, 0, 1, 1, -1], [0, 0, 0, 0, 0, 3, 0, 0, 0])
([1, 0, 0, 0, 0, 0, 0, 0, 0, 0], [3, 2, 23, 3, 1, 1, 1, 1, 1])
([-1, 0, 0, 0, 0, 1, 0, 0, 0, 0], [2, 2, 2, 5, 0, 2, 5, 1, 1])
([1, 0, 0, 0, 0, 1, 0, -1, 0, 0], [3, 2, 3, 37, 0, 1, 0, 1, 1])
([-1, 0, 0, 0, 1, 1, 0, -1, 0, 0], [3, 3, 2, 0, 0, 4, 0, 2, 2])
([1, 0, 0, 0, 1, 1, -1, -1, 0, 0], [2, 2, 11, 0, 0, 0, 0, 1, 1])
([1, 0, 0, 0, 0, 0, 0, 0, 0, 0], [11, 2, 2, 5, 69, 1, 1, 1, 1])
([-1, 0, 0, 0, 0, 1, 0, 0, 0, 0], [9, 6, 6, 15, 0, 6, 6, 6, 5])
([1, 0, 0, 0, -1, 1, 0, 0, 0, 0], [3, 2, 32, 0, 0, 1, 1, 1, 2])
([-1, 0, 0, 1, -1, 1, 0, 0, 0, 0], [4, 4, 0, 0, 0, 4, 17, 2, 2])
([1, 0, 0, 1, -1, 1, 0, -1, 0, 0], [2, 13, 0, 0, 0, 2, 0, 2, 2])
([-1, 0, 1, 1, -1, 1, 0, -1, 0, 0], [8, 0, 0, 0, 0, 2, 0, 2, 2])
([1, 0, 0, 0, 0, 0, 0, 0, 0, 0], [1, 1, 1, 1, 1, 52, 1, 1, 1])
([-1, 0, 0, 0, 0, 0, 1, 0, 0, 0], [2, 2, 2, 2, 9, 0, 2, 4, 5])
([1, 0, 0, 0, -1, 0, 1, 0, 0, 0], [2, 2, 9, 0, 1, 0, 1, 1, 1])
([-1, 0, 0, 0, -1, 0, 1, 0, 1, 0], [8, 3, 4, 0, 4, 0, 17, 0, 6])
([1, 0, 0, 0, -1, 0, 1, 0, 1, -1], [1, 1, 8, 0, 1, 0, 1, 0, 0])
([-1, 0, 0, 1, -1, 0, 1, 0, 1, -1], [4, 3, 0, 0, 2, 0, 2, 0, 0])
([1, -1, 0, 1, -1, 0, 1, 0, 1, -1], [0, 1, 0, 0, 1, 0, 6, 0, 0])
([1, 0, 0, 0, 0, 0, 0, 0, 0, 0], [3, 2, 19, 1, 1, 2, 1, 1, 1])
([-1, 0, 0, 0, 0, 0, 0, 1, 0, 0], [5, 6, 5, 5, 5, 5, 0, 8, 4])
([1, 0, 0, 0, -1, 0, 0, 1, 0, 0], [1, 1, 1, 0, 1, 7, 0, 1, 1])
([-1, 0, 0, 0, -1, 0, 1, 1, 0, 0], [4, 4, 4, 0, 4, 0, 0, 9, 3])
([1, 0, 0, 0, -1, 0, 1, 1, 0, -1], [1, 1, 9, 0, 1, 0, 0, 1, 0])
([-1, 0, 0, 1, -1, 0, 1, 1, 0, -1], [3, 3, 0, 0, 2, 0, 0, 2, 0])
([1, 0, -1, 1, -1, 0, 1, 1, 0, -1], [1, 0, 0, 0, 3, 0, 0, 1, 0])
([1, 0, 0, 0, 0, 0, 0, 0, 0, 0], [1, 1, 1, 7, 1, 1, 1, 1, 1])
([-1, 0, 0, 0, 1, 0, 0, 0, 0, 0], [6, 7, 15, 0, 13, 7, 9, 11, 4])
([1, 0, 0, -1, 1, 0, 0, 0, 0, 0], [1, 1, 0, 0, 26, 1, 1, 1, 1])
([-1, 0, 0, -1, 1, 1, 0, 0, 0, 0], [5, 3, 0, 0, 0, 8, 3, 3, 3])
([1, 0, 0, -1, 1, 1, -1, 0, 0, 0], [1, 1, 0, 0, 0, 0, 1, 1, 9])
([-1, 0, 0, -1, 1, 1, -1, 0, 0, 1], [2, 2, 0, 0, 0, 0, 2, 7, 0])
([1, 0, 0, 0, 0, 0, 0, 0, 0, 0], [1, 1, 1, 1, 1, 1, 55, 1, 1])
([-1, 1, 0, 0, 0, 0, 0, 0, 0, 0], [0, 5, 21, 5, 9, 21, 62, 7, 7])
([1, 1, 0, 0, 0, 0, 0, -1, 0, 0], [0, 3, 3, 3, 1, 1, 0, 1, 1])
([-1, 1, 0, 0, 1, 0, 0, -1, 0, 0], [0, 3, 1, 0, 1, 1, 0, 1, 1])
([1, 1, 0, 0, 1, -1, 0, -1, 0, 0], [0, 3, 2, 0, 0, 2, 0, 2, 2])
([-1, 1, 0, 0, 1, -1, 1, -1, 0, 0], [0, 2, 3, 0, 0, 0, 0, 1, 1])
([1, 0, 0, 0, 0, 0, 0, 0, 0, 0], [3, 2, 5, 2, 5, 37, 3, 1, 1])
([-1, 0, 0, 0, 0, 0, 1, 0, 0, 0], [2, 4, 7, 2, 9, 0, 5, 5, 2])
([1, 0, 0, 0, 0, 0, 1, 0, -1, 0], [2, 19, 1, 1, 1, 0, 3, 0, 1])
([-1, 0, 1, 0, 0, 0, 1, 0, -1, 0], [2, 0, 5, 1, 1, 0, 2, 0, 1])
([1, 0, 1, 0, 0, 0, 1, 0, -1, -1], [1, 0, 1, 12, 1, 0, 1, 0, 0])
([-1, 0, 1, 0, 1, 0, 1, 0, -1, -1], [4, 0, 3, 0, 3, 0, 3, 0, 0])
([1, -1, 1, 0, 1, 0, 1, 0, -1, -1], [0, 0, 1, 0, 1, 0, 4, 0, 0])
([-1, -1, 1, 0, 1, 0, 1, 1, -1, -1], [0, 0, 2, 0, 2, 0, 0, 0, 0])
([1, -1, 1, -1, 1, 0, 1, 1, -1, -1], [0, 0, 0, 0, 1, 0, 0, 0, 0])
([1, 0, 0, 0, 0, 0, 0, 0, 0, 0], [5, 5, 36, 1, 1, 1, 1, 1, 3])
([-1, 0, 0, 1, 0, 0, 0, 0, 0, 0], [5, 5, 0, 5, 8, 5, 8, 6, 4])
([1, 0, 0, 1, -1, 0, 0, 0, 0, 0], [3, 2, 0, 0, 3, 2, 9, 1, 1])
([-1, 0, 0, 1, -1, 0, 0, 1, 0, 0], [4, 4, 0, 0, 5, 3, 0, 3, 3])
([1, -1, 0, 1, -1, 0, 0, 1, 0, 0], [0, 1, 0, 0, 7, 1, 0, 1, 1])
([1, 0, 0, 0, 0, 0, 0, 0, 0, 0], [2, 2, 5, 1, 1, 1, 2, 1, 1])
([-1, 1, 0, 0, 0, 0, 0, 0, 0, 0], [0, 3, 8, 3, 4, 3, 22, 22, 2])
([1, 1, 0, 0, -1, 0, 0, 0, 0, 0], [0, 2, 2, 0, 2, 2, 8, 1, 1])
([-1, 1, 0, 0, -1, 0, 0, 1, 0, 0], [0, 4, 6, 0, 6, 4, 0, 10, 4])
([1, 1, 0, -1, -1, 0, 0, 1, 0, 0], [0, 1, 0, 0, 1, 7, 0, 1, 1])
([-1, 1, 0, -1, -1, 0, 1, 1, 0, 0], [0, 3, 0, 0, 2, 0, 0, 2, 2])
([1, 1, -1, -1, -1, 0, 1, 1, 0, 0], [0, 0, 0, 0, 3, 0, 0, 1, 1])
([1, 0, 0, 0, 0, 0, 0, 0, 0, 0], [2, 11, 2, 5, 2, 10, 2, 52, 1])
([-1, 0, 1, 0, 0, 0, 0, 0, 0, 0], [6, 0, 6, 8, 10, 6, 8, 8, 4])
([1, 0, 1, 0, 0, 0, -1, 0, 0, 0], [3, 0, 42, 1, 1, 0, 2, 1, 1])
([-1, 0, 1, 1, 0, 0, -1, 0, 0, 0], [8, 0, 0, 8, 8, 0, 9, 7, 7])
([1, 0, 1, 1, 0, 0, -1, -1, 0, 0], [15, 0, 0, 1, 1, 0, 0, 1, 1])
([1, 0, 0, 0, 0, 0, 0, 0, 0, 0], [1, 1, 16, 1, 1, 1, 1, 1, 1])
([-1, 0, 0, 1, 0, 0, 0, 0, 0, 0], [5, 6, 0, 6, 6, 4, 4, 12, 4])
([1, 0, 0, 1, 0, -1, 0, 0, 0, 0], [1, 38, 0, 1, 0, 1, 1, 1, 1])
([-1, 0, 1, 1, 0, -1, 0, 0, 0, 0], [16, 0, 0, 16, 0, 16, 15, 15, 15])
([1, 0, 1, 1, 0, -1, 0, 0, -1, 0], [1, 0, 0, 1, 0, 1, 1, 0, 12])
([-1, 0, 1, 1, 0, -1, 0, 0, -1, 1], [3, 0, 0, 3, 0, 3, 2, 0, 0])
([1, -1, 1, 1, 0, -1, 0, 0, -1, 1], [0, 0, 0, 4, 0, 3, 1, 0, 0])
([1, 0, 0, 0, 0, 0, 0, 0, 0, 0], [2, 3, 15, 1, 1, 1, 1, 1, 1])
([-1, 0, 0, 1, 0, 0, 0, 0, 0, 0], [1, 5, 0, 1, 1, 1, 1, 1, 1])
([1, 0, -1, 1, 0, 0, 0, 0, 0, 0], [1, 0, 0, 3, 1, 1, 1, 1, 1])
([-1, 0, -1, 1, 1, 0, 0, 0, 0, 0], [1, 0, 0, 0, 1, 1, 1, 1, 1])
([1, 0, -1, 1, 1, 0, 0, 0, 0, -1], [1, 0, 0, 0, 1, 3, 1, 1, 0])
([-1, 0, -1, 1, 1, 0, 1, 0, 0, -1], [1, 0, 0, 0, 1, 0, 1, 1, 0])
([1, 0, -1, 1, 1, 0, 1, 0, -1, -1], [1, 0, 0, 0, 3, 0, 1, 0, 0])
([-1, 1, -1, 1, 1, 0, 1, 0, -1, -1], [0, 0, 0, 0, 1, 0, 1, 0, 0])
([1, 0, 0, 0, 0, 0, 0, 0, 0, 0], [2, 13, 1, 2, 1, 1, 1, 1, 1])
([-1, 0, 1, 0, 0, 0, 0, 0, 0, 0], [9, 0, 9, 5, 9, 5, 9, 11, 5])
([1, 0, 1, 0, 0, -1, 0, 0, 0, 0], [1, 0, 86, 1, 0, 1, 1, 1, 1])
([-1, 0, 1, 1, 0, -1, 0, 0, 0, 0], [9, 0, 0, 8, 0, 8, 10, 8, 8])
([1, 0, 1, 1, 0, -1, 0, 0, 0, -1], [1, 0, 0, 15, 0, 1, 1, 1, 0])
([1, 0, 0, 0, 0, 0, 0, 0, 0, 0], [2, 2, 3, 2, 45, 1, 1, 18, 1])
([-1, 0, 0, 0, 0, 1, 0, 0, 0, 0], [5, 3, 3, 5, 0, 5, 8, 7, 5])
([1, -1, 0, 0, 0, 1, 0, 0, 0, 0], [0, 36, 1, 1, 0, 1, 1, 1, 1])
([-1, -1, 1, 0, 0, 1, 0, 0, 0, 0], [0, 0, 7, 3, 0, 10, 6, 6, 3])
([1, -1, 1, 0, 0, 1, -1, 0, 0, 0], [0, 0, 17, 1, 0, 0, 3, 1, 1])
([-1, -1, 1, 1, 0, 1, -1, 0, 0, 0], [0, 0, 0, 6, 0, 0, 5, 4, 4])
([1, -1, 1, 1, 0, 1, -1, 0, -1, 0], [0, 0, 0, 1, 0, 0, 5, 0, 1])
([1, 0, 0, 0, 0, 0, 0, 0, 0, 0], [3, 22, 1, 1, 2, 1, 1, 1, 1])
([-1, 0, 1, 0, 0, 0, 0, 0, 0, 0], [8, 0, 8, 4, 7, 7, 7, 6, 6])
([1, 0, 1, 0, 0, -1, 0, 0, 0, 0], [3, 0, 3, 5, 0, 7, 2, 2, 31])
([-1, 0, 1, 1, 0, -1, 0, 0, 0, 0], [8, 0, 0, 8, 0, 8, 8, 8, 8])
([1, 0, 1, 1, 0, -1, 0, -1, 0, 0], [1, 0, 0, 17, 0, 1, 0, 1, 1])
([-1, 0, 1, 1, 0, -1, 0, -1, 1, 0], [6, 0, 0, 4, 0, 4, 0, 0, 4])
([1, 0, 1, 1, 0, -1, 0, -1, 1, -1], [1, 0, 0, 1, 0, 5, 0, 0, 0])
([1, 0, 0, 0, 0, 0, 0, 0, 0, 0], [6, 2, 2, 10, 2, 2, 2, 2, 52])
([-1, 0, 0, 0, 0, 0, 0, 0, 0, 1], [6, 21, 18, 6, 12, 19, 10, 18, 0])
([1, 0, 0, -1, 0, 0, 0, 0, 0, 1], [1, 1, 0, 1, 38, 1, 1, 1, 0])
([-1, 0, 0, -1, 0, 1, 0, 0, 0, 1], [3, 9, 0, 3, 0, 3, 13, 3, 0])
([1, 0, -1, -1, 0, 1, 0, 0, 0, 1], [1, 0, 0, 1, 0, 8, 1, 1, 0])
([-1, 0, -1, -1, 0, 1, 1, 0, 0, 1], [3, 0, 0, 3, 0, 0, 2, 2, 0])
([1, 0, -1, -1, -1, 1, 1, 0, 0, 1], [1, 0, 0, 0, 0, 0, 3, 1, 0])
([1, 0, 0, 0, 0, 0, 0, 0, 0, 0], [1, 1, 23, 1, 1, 1, 1, 1, 1])
([-1, 0, 0, 1, 0, 0, 0, 0, 0, 0], [10, 10, 0, 8, 8, 8, 14, 10, 8])
([1, 0, 0, 1, 0, 0, 0, 0, -1, 0], [24, 1, 0, 2, 1, 1, 1, 0, 1])
([-1, 0, 0, 1, 1, 0, 0, 0, -1, 0], [3, 3, 0, 0, 2, 2, 2, 0, 2])
([1, 0, 0, 1, 1, 0, 0, -1, -1, 0], [2, 17, 0, 0, 1, 1, 0, 0, 1])
([1, 0, 0, 0, 0, 0, 0, 0, 0, 0], [1, 1, 1, 1, 1, 1, 25, 1, 1])
([-1, 0, 0, 0, 0, 0, 1, 0, 0, 0], [2, 2, 2, 3, 6, 0, 1, 1, 1])
([1, 0, 0, 0, 0, -1, 1, 0, 0, 0], [1, 1, 1, 1, 0, 0, 3, 1, 1])
([-1, 0, 0, 0, 0, -1, 1, 1, 0, 0], [1, 1, 1, 1, 0, 0, 0, 1, 1])
([1, 0, 0, 0, -1, -1, 1, 1, 0, 0], [1, 3, 1, 0, 0, 0, 0, 1, 1])
([1, 0, 0, 0, 0, 0, 0, 0, 0, 0], [1, 1, 1, 1, 43, 1, 1, 1, 1])
([-1, 0, 0, 0, 0, 1, 0, 0, 0, 0], [4, 2, 2, 2, 0, 2, 6, 5, 2])
([1, 0, 0, 0, 0, 1, 0, -1, 0, 0], [3, 2, 3, 19, 0, 1, 0, 1, 1])
([-1, 0, 0, 0, 0, 1, 0, -1, 0, 1], [11, 11, 7, 5, 0, 5, 0, 7, 0])
([1, 0, -1, 0, 0, 1, 0, -1, 0, 1], [2, 0, 2, 7, 0, 1, 0, 1, 0])
([-1, 1, -1, 0, 0, 1, 0, -1, 0, 1], [0, 0, 5, 1, 0, 1, 0, 1, 0])
([1, 1, -1, -1, 0, 1, 0, -1, 0, 1], [0, 0, 0, 3, 0, 3, 0, 1, 0])
([-1, 1, -1, -1, 1, 1, 0, -1, 0, 1], [0, 0, 0, 0, 0, 2, 0, 2, 0])
([1, 1, -1, -1, 1, 1, 0, -1, -1, 1], [0, 0, 0, 0, 0, 1, 0, 0, 0])
([1, 0, 0, 0, 0, 0, 0, 0, 0, 0], [2, 3, 3, 2, 2, 2, 80, 1, 1])
([-1, 0, 0, 0, 0, 0, 0, 1, 0, 0], [14, 9, 11, 13, 13, 9, 0, 28, 9])
([1, 0, 0, 0, 0, 0, -1, 1, 0, 0], [2, 2, 29, 1, 3, 0, 0, 1, 1])
([-1, 0, 0, 1, 0, 0, -1, 1, 0, 0], [5, 5, 0, 5, 7, 0, 0, 5, 5])
([1, 0, 0, 1, -1, 0, -1, 1, 0, 0], [1, 1, 0, 0, 12, 0, 0, 1, 1])
([1, 0, 0, 0, 0, 0, 0, 0, 0, 0], [2, 2, 46, 1, 1, 3, 1, 1, 1])
([-1, 0, 0, 1, 0, 0, 0, 0, 0, 0], [5, 5, 0, 3, 7, 3, 7, 5, 3])
([1, 0, 0, 1, 0, 0, 0, -1, 0, 0], [1, 1, 0, 1, 35, 1, 0, 1, 1])
([-1, 0, 0, 1, 0, 0, 0, -1, 0, 1], [8, 2, 0, 1, 1, 1, 0, 1, 0])
([1, -1, 0, 1, 0, 0, 0, -1, 0, 1], [0, 2, 0, 3, 14, 1, 0, 1, 0])
([-1, -1, 0, 1, 1, 0, 0, -1, 0, 1], [0, 4, 0, 0, 3, 3, 0, 3, 0])
([1, -1, -1, 1, 1, 0, 0, -1, 0, 1], [0, 0, 0, 0, 2, 2, 0, 1, 0])
([1, 0, 0, 0, 0, 0, 0, 0, 0, 0], [2, 27, 2, 1, 1, 1, 1, 1, 1])
([-1, 0, 1, 0, 0, 0, 0, 0, 0, 0], [10, 0, 31, 16, 12, 12, 10, 12, 14])
([1, 0, 1, -1, 0, 0, 0, 0, 0, 0], [4, 0, 0, 3, 6, 8, 2, 2, 4])
([-1, 0, 1, -1, 0, 0, 0, 0, 0, 1], [2, 0, 0, 8, 1, 1, 1, 1, 0])
([1, 0, 1, -1, 0, 0, 0, -1, 0, 1], [3, 0, 0, 2, 3, 1, 0, 1, 0])
([-1, 0, 1, -1, 1, 0, 0, -1, 0, 1], [1, 0, 0, 0, 1, 3, 0, 1, 0])
([1, 0, 1, -1, 1, 0, -1, -1, 0, 1], [1, 0, 0, 0, 1, 0, 0, 1, 0])
([-1, 1, 1, -1, 1, 0, -1, -1, 0, 1], [0, 0, 0, 0, 1, 0, 0, 3, 0])
([1, 0, 0, 0, 0, 0, 0, 0, 0, 0], [2, 2, 2, 12, 3, 2, 5, 69, 1])
([-1, 0, 0, 0, 0, 0, 0, 0, 1, 0], [7, 7, 14, 7, 3, 7, 3, 0, 3])
([1, -1, 0, 0, 0, 0, 0, 0, 1, 0], [0, 27, 1, 1, 1, 1, 1, 0, 1])
([-1, -1, 1, 0, 0, 0, 0, 0, 1, 0], [0, 0, 3, 9, 5, 3, 11, 0, 5])
([1, -1, 1, 0, 0, 0, 0, -1, 1, 0], [0, 0, 13, 2, 2, 2, 0, 0, 2])
([-1, -1, 1, 0, 1, 0, 0, -1, 1, 0], [0, 0, 3, 0, 1, 1, 0, 0, 1])
([1, -1, 1, -1, 1, 0, 0, -1, 1, 0], [0, 0, 0, 0, 1, 1, 0, 0, 1])
([-1, -1, 1, -1, 1, 0, 1, -1, 1, 0], [0, 0, 0, 0, 3, 0, 0, 0, 1])
([1, 0, 0, 0, 0, 0, 0, 0, 0, 0], [5, 5, 14, 1, 1, 1, 1, 1, 1])
([-1, 0, 0, 1, 0, 0, 0, 0, 0, 0], [5, 3, 0, 3, 3, 3, 5, 3, 3])
([1, -1, 0, 1, 0, 0, 0, 0, 0, 0], [0, 1, 0, 1, 1, 1, 1, 37, 1])
([-1, -1, 0, 1, 0, 0, 0, 0, 1, 0], [0, 5, 0, 3, 5, 3, 20, 0, 3])
([1, -1, 0, 1, 0, 0, 0, 0, 1, -1], [0, 1, 0, 1, 18, 1, 1, 0, 0])
([-1, -1, 0, 1, 0, 1, 0, 0, 1, -1], [0, 2, 0, 2, 0, 2, 6, 0, 0])
([1, -1, 0, 1, 0, 1, -1, 0, 1, -1], [0, 1, 0, 5, 0, 0, 1, 0, 0])
([1, 0, 0, 0, 0, 0, 0, 0, 0, 0], [2, 87, 1, 1, 1, 1, 2, 1, 1])
([-1, 0, 1, 0, 0, 0, 0, 0, 0, 0], [2, 0, 20, 3, 3, 2, 5, 2, 2])
([1, 0, 1, 0, 0, -1, 0, 0, 0, 0], [1, 0, 1, 1, 0, 1, 1, 37, 1])
([-1, 0, 1, 0, 0, -1, 0, 0, 1, 0], [7, 0, 15, 7, 0, 7, 7, 0, 11])
([1, 0, 1, -1, 0, -1, 0, 0, 1, 0], [2, 0, 0, 2, 0, 2, 9, 0, 1])
([-1, 0, 1, -1, 1, -1, 0, 0, 1, 0], [3, 0, 0, 0, 0, 2, 2, 0, 1])
([1, -1, 1, -1, 1, -1, 0, 0, 1, 0], [0, 0, 0, 0, 0, 1, 5, 0, 1])
([-1, -1, 1, -1, 1, -1, 0, 1, 1, 0], [0, 0, 0, 0, 0, 3, 0, 0, 2])
([1, -1, 1, -1, 1, -1, -1, 1, 1, 0], [0, 0, 0, 0, 0, 0, 0, 0, 3])
([1, 0, 0, 0, 0, 0, 0, 0, 0, 0], [1, 1, 1, 1, 1, 1, 1, 1, 55])
([-1, 0, 0, 0, 0, 1, 0, 0, 0, 0], [6, 6, 14, 19, 0, 10, 6, 6, 12])
([1, 0, 0, -1, 0, 1, 0, 0, 0, 0], [1, 1, 0, 1, 0, 1, 1, 1, 16])
([-1, 0, 0, -1, 0, 1, 0, 0, 0, 1], [2, 2, 0, 10, 0, 2, 7, 2, 0])
([1, 0, 0, -1, -1, 1, 0, 0, 0, 1], [9, 1, 0, 0, 0, 1, 2, 1, 0])
([-1, 0, 0, -1, -1, 1, 0, 0, 1, 1], [3, 8, 0, 0, 0, 3, 6, 0, 0])
([1, 0, -1, -1, -1, 1, 0, 0, 1, 1], [1, 0, 0, 0, 0, 1, 5, 0, 0])
([-1, 0, -1, -1, -1, 1, 1, 0, 1, 1], [2, 0, 0, 0, 0, 0, 4, 0, 0])
([1, 0, 0, 0, 0, 0, 0, 0, 0, 0], [54, 1, 1, 1, 1, 1, 1, 3, 1])
([-1, 1, 0, 0, 0, 0, 0, 0, 0, 0], [0, 2, 6, 2, 4, 25, 2, 2, 2])
([1, 1, 0, 0, 0, 0, -1, 0, 0, 0], [0, 14, 17, 1, 1, 0, 1, 1, 3])
([-1, 1, 0, 1, 0, 0, -1, 0, 0, 0], [0, 9, 0, 5, 5, 0, 5, 5, 5])
([1, 1, 0, 1, -1, 0, -1, 0, 0, 0], [0, 15, 0, 0, 1, 0, 1, 1, 1])
([1, 0, 0, 0, 0, 0, 0, 0, 0, 0], [5, 93, 1, 1, 1, 5, 1, 1, 1])
([-1, 0, 1, 0, 0, 0, 0, 0, 0, 0], [10, 0, 5, 14, 8, 6, 5, 20, 5])
([1, 0, 1, 0, 0, -1, 0, 0, 0, 0], [3, 0, 32, 1, 0, 1, 1, 2, 1])
([-1, 0, 1, 1, 0, -1, 0, 0, 0, 0], [10, 0, 0, 8, 0, 8, 8, 8, 8])
([1, 0, 1, 1, 0, -1, 0, 0, 0, -1], [16, 0, 0, 1, 0, 1, 1, 1, 0])
([1, 0, 0, 0, 0, 0, 0, 0, 0, 0], [1, 1, 39, 1, 1, 1, 1, 1, 1])
([-1, 0, 0, 1, 0, 0, 0, 0, 0, 0], [5, 5, 0, 6, 5, 6, 4, 4, 4])
([1, 0, 0, 1, 0, 0, 0, -1, 0, 0], [2, 83, 0, 1, 1, 1, 0, 1, 1])
([-1, 0, 1, 1, 0, 0, 0, -1, 0, 0], [15, 0, 0, 16, 15, 15, 0, 15, 15])
([1, 0, 1, 1, -1, 0, 0, -1, 0, 0], [18, 0, 0, 0, 1, 1, 0, 1, 3])
([1, 0, 0, 0, 0, 0, 0, 0, 0, 0], [1, 1, 1, 1, 1, 28, 1, 1, 1])
([-1, 0, 0, 0, 0, 0, 1, 0, 0, 0], [2, 2, 2, 7, 7, 0, 1, 1, 1])
([1, 0, 0, 0, 0, -1, 1, 0, 0, 0], [1, 1, 1, 11, 0, 0, 1, 1, 1])
([-1, 0, 0, 0, 0, -1, 1, 0, 1, 0], [2, 2, 2, 2, 0, 0, 16, 0, 1])
([1, 0, 0, -1, 0, -1, 1, 0, 1, 0], [1, 1, 0, 1, 0, 0, 3, 0, 1])
([1, 0, 0, 0, 0, 0, 0, 0, 0, 0], [3, 11, 3, 1, 1, 1, 1, 1, 1])
([-1, 1, 0, 0, 0, 0, 0, 0, 0, 0], [0, 2, 47, 2, 6, 63, 2, 2, 4])
([1, 1, 0, 0, 0, 0, -1, 0, 0, 0], [0, 2, 9, 1, 1, 0, 1, 1, 3])
([-1, 1, 1, 0, 0, 0, -1, 0, 0, 0], [0, 0, 12, 2, 3, 0, 3, 2, 2])
([1, 1, 1, 0, 0, -1, -1, 0, 0, 0], [0, 0, 1, 1, 0, 0, 9, 1, 1])
([-1, 1, 1, 0, 0, -1, -1, 1, 0, 0], [0, 0, 5, 2, 0, 0, 0, 2, 2])
([1, 1, 1, 0, 0, -1, -1, 1, -1, 0], [0, 0, 6, 1, 0, 0, 0, 0, 1])
([-1, 1, 1, 0, 1, -1, -1, 1, -1, 0], [0, 0, 3, 0, 0, 0, 0, 0, 1])
([1, 1, 1, 0, 1, -1, -1, 1, -1, -1], [0, 0, 3, 0, 0, 0, 0, 0, 0])
([1, 0, 0, 0, 0, 0, 0, 0, 0, 0], [3, 2, 57, 1, 1, 1, 1, 1, 1])
([-1, 0, 0, 1, 0, 0, 0, 0, 0, 0], [1, 5, 0, 1, 1, 1, 1, 1, 1])
([1, 0, 0, 1, 0, -1, 0, 0, 0, 0], [1, 1, 0, 10, 0, 1, 1, 1, 1])
([-1, 0, 0, 1, 1, -1, 0, 0, 0, 0], [3, 3, 0, 0, 0, 2, 2, 2, 4])
([1, 0, 0, 1, 1, -1, 0, 0, 0, -1], [1, 16, 0, 0, 0, 1, 1, 1, 0])
([1, 0, 0, 0, 0, 0, 0, 0, 0, 0], [2, 5, 5, 2, 1, 1, 1, 1, 1])
([-1, 0, 0, 0, 0, 0, 0, 1, 0, 0], [9, 7, 24, 7, 7, 26, 0, 19, 11])
([1, 0, 0, 0, 0, 0, -1, 1, 0, 0], [2, 2, 2, 2, 44, 0, 0, 1, 1])
([-1, 0, 0, 0, 0, 1, -1, 1, 0, 0], [5, 5, 22, 5, 0, 0, 0, 5, 5])
([1, 0, 0, 0, -1, 1, -1, 1, 0, 0], [1, 1, 8, 0, 0, 0, 0, 1, 1])
([-1, 0, 1, 0, -1, 1, -1, 1, 0, 0], [2, 0, 4, 0, 0, 0, 0, 2, 1])
([1, 0, 1, -1, -1, 1, -1, 1, 0, 0], [2, 0, 0, 0, 0, 0, 0, 2, 2])
([-1, 0, 1, -1, -1, 1, -1, 1, 0, 1], [1, 0, 0, 0, 0, 0, 0, 1, 0])
([1, 0, 0, 0, 0, 0, 0, 0, 0, 0], [2, 2, 11, 1, 3, 1, 1, 1, 1])
([-1, 0, 0, 1, 0, 0, 0, 0, 0, 0], [6, 5, 0, 5, 8, 6, 6, 10, 6])
([1, 0, 0, 1, -1, 0, 0, 0, 0, 0], [3, 2, 0, 0, 13, 1, 1, 1, 1])
([-1, 0, 0, 1, -1, 1, 0, 0, 0, 0], [3, 3, 0, 0, 0, 3, 17, 2, 2])
([1, 0, 0, 1, -1, 1, -1, 0, 0, 0], [11, 1, 0, 0, 0, 0, 1, 1, 1])
([1, 0, 0, 0, 0, 0, 0, 0, 0, 0], [1, 1, 1, 1, 1, 1, 1, 84, 1])
([-1, 0, 0, 0, 0, 0, 0, 0, 1, 0], [3, 5, 3, 9, 3, 3, 16, 0, 3])
([1, 0, 0, 0, 0, 0, 0, -1, 1, 0], [5, 2, 2, 2, 40, 2, 0, 0, 2])
([-1, 1, 0, 0, 0, 0, 0, -1, 1, 0], [0, 2, 17, 2, 2, 2, 0, 0, 2])
([1, 1, 0, -1, 0, 0, 0, -1, 1, 0], [0, 6, 0, 3, 9, 4, 0, 0, 8])
([-1, 1, 0, -1, 0, 1, 0, -1, 1, 0], [0, 4, 0, 9, 0, 2, 0, 0, 2])
([1, 1, 0, -1, -1, 1, 0, -1, 1, 0], [0, 2, 0, 0, 0, 2, 0, 0, 6])
([-1, 1, 0, -1, -1, 1, 1, -1, 1, 0], [0, 2, 0, 0, 0, 0, 0, 0, 4])
([1, 1, 0, -1, -1, 1, 1, -1, 1, -1], [0, 3, 0, 0, 0, 0, 0, 0, 0])
([1, 0, 0, 0, 0, 0, 0, 0, 0, 0], [1, 1, 1, 1, 1, 1, 1, 1, 60])
([-1, 0, 0, 0, 0, 0, 0, 0, 0, 1], [5, 7, 18, 5, 14, 7, 18, 18, 0])
([1, -1, 0, 0, 0, 0, 0, 0, 0, 1], [0, 2, 3, 2, 5, 2, 34, 1, 0])
([-1, -1, 0, 0, 0, 0, 0, 1, 0, 1], [0, 4, 12, 4, 6, 4, 0, 11, 0])
([1, -1, 0, -1, 0, 0, 0, 1, 0, 1], [0, 7, 0, 2, 15, 2, 0, 1, 0])
([-1, -1, 1, -1, 0, 0, 0, 1, 0, 1], [0, 0, 0, 2, 3, 2, 0, 6, 0])
([1, -1, 1, -1, -1, 0, 0, 1, 0, 1], [0, 0, 0, 0, 4, 1, 0, 1, 0])
([1, 0, 0, 0, 0, 0, 0, 0, 0, 0], [3, 5, 41, 1, 1, 1, 2, 1, 1])
([-1, 0, 0, 1, 0, 0, 0, 0, 0, 0], [3, 3, 0, 2, 1, 1, 1, 1, 1])
([1, 0, 0, 1, 0, -1, 0, 0, 0, 0], [2, 33, 0, 2, 0, 1, 1, 1, 1])
([-1, 0, 1, 1, 0, -1, 0, 0, 0, 0], [10, 0, 0, 9, 0, 9, 9, 11, 9])
([1, 0, 1, 1, 0, -1, 0, 0, -1, 0], [1, 0, 0, 15, 0, 1, 1, 0, 1])
([-1, 0, 1, 1, 0, -1, 0, 0, -1, 1], [4, 0, 0, 2, 0, 2, 2, 0, 0])
([1, 0, 1, 1, 0, -1, 0, -1, -1, 1], [1, 0, 0, 6, 0, 1, 0, 0, 0])
([1, 0, 0, 0, 0, 0, 0, 0, 0, 0], [1, 1, 1, 1, 1, 1, 1, 1, 59])
([-1, 0, 0, 0, 0, 0, 0, 0, 0, 1], [2, 2, 2, 2, 2, 2, 44, 2, 0])
([1, 0, 0, 0, 0, 0, 0, -1, 0, 1], [2, 2, 39, 7, 4, 2, 0, 2, 0])
([-1, 0, 0, 1, 0, 0, 0, -1, 0, 1], [2, 3, 0, 1, 2, 1, 0, 1, 0])
([1, 0, -1, 1, 0, 0, 0, -1, 0, 1], [1, 0, 0, 3, 1, 1, 0, 1, 0])
([-1, 0, -1, 1, 0, 0, 0, -1, 1, 1], [5, 0, 0, 3, 1, 1, 0, 0, 0])
([1, -1, -1, 1, 0, 0, 0, -1, 1, 1], [0, 0, 0, 3, 1, 1, 0, 0, 0])
([-1, -1, -1, 1, 1, 0, 0, -1, 1, 1], [0, 0, 0, 0, 1, 1, 0, 0, 0])
([1, 0, 0, 0, 0, 0, 0, 0, 0, 0], [1, 1, 1, 1, 54, 1, 1, 1, 1])
([-1, 0, 0, 0, 0, 1, 0, 0, 0, 0], [14, 11, 11, 20, 0, 14, 9, 9, 11])
([1, 0, 0, 0, 0, 1, -1, 0, 0, 0], [1, 1, 44, 1, 0, 0, 1, 1, 1])
([-1, 0, 0, 1, 0, 1, -1, 0, 0, 0], [5, 6, 0, 3, 0, 0, 4, 3, 3])
([1, -1, 0, 1, 0, 1, -1, 0, 0, 0], [0, 17, 0, 1, 0, 0, 1, 1, 1])
([-1, -1, 1, 1, 0, 1, -1, 0, 0, 0], [0, 0, 0, 6, 0, 0, 6, 4, 4])
([1, -1, 1, 1, 0, 1, -1, 0, 0, -1], [0, 0, 0, 1, 0, 0, 6, 1, 0])
([1, 0, 0, 0, 0, 0, 0, 0, 0, 0], [2, 2, 4, 2, 5, 3, 2, 3, 5])
([-1, 0, 0, 0, 0, 0, 0, 0, 0, 1], [2, 2, 2, 6, 28, 2, 2, 2, 0])
([1, 0, 0, 0, 0, -1, 0, 0, 0, 1], [2, 3, 2, 3, 0, 2, 2, 13, 0])
([-1, 0, 0, 0, 0, -1, 0, 0, 1, 1], [6, 3, 6, 3, 0, 6, 20, 0, 0])
([1, 0, 0, 0, 0, -1, 0, -1, 1, 1], [10, 2, 2, 4, 0, 2, 0, 0, 0])
([-1, 1, 0, 0, 0, -1, 0, -1, 1, 1], [0, 8, 1, 1, 0, 1, 0, 0, 0])
([1, 0, 0, 0, 0, 0, 0, 0, 0, 0], [7, 5, 3, 2, 133, 1, 1, 1, 2])
([-1, 0, 0, 0, 1, 0, 0, 0, 0, 0], [3, 6, 8, 0, 10, 4, 3, 3, 3])
([1, 0, -1, 0, 1, 0, 0, 0, 0, 0], [5, 0, 2, 0, 1, 1, 1, 1, 1])
([-1, 0, -1, 0, 1, 1, 0, 0, 0, 0], [3, 0, 3, 0, 0, 2, 2, 2, 2])
([1, 0, -1, 0, 1, 1, 0, 0, 0, -1], [1, 0, 1, 0, 0, 7, 1, 1, 0])
([-1, 0, -1, 0, 1, 1, 0, 1, 0, -1], [3, 0, 3, 0, 0, 2, 0, 2, 0])
([1, 0, -1, 0, 1, 1, -1, 1, 0, -1], [2, 0, 2, 0, 0, 0, 0, 3, 0])
([-1, 0, -1, 0, 1, 1, -1, 1, 1, -1], [2, 0, 4, 0, 0, 0, 0, 0, 0])
([1, 0, 0, 0, 0, 0, 0, 0, 0, 0], [1, 1, 42, 1, 1, 1, 1, 1, 1])
([-1, 0, 0, 1, 0, 0, 0, 0, 0, 0], [5, 4, 0, 1, 1, 1, 1, 1, 2])
([1, 0, 0, 1, 0, 0, 0, 0, -1, 0], [1, 91, 0, 1, 1, 1, 1, 0, 1])
([-1, 0, 1, 1, 0, 0, 0, 0, -1, 0], [16, 0, 0, 16, 14, 14, 14, 0, 16])
([1, 0, 1, 1, -1, 0, 0, 0, -1, 0], [18, 0, 0, 0, 1, 1, 3, 0, 1])
([1, 0, 0, 0, 0, 0, 0, 0, 0, 0], [2, 101, 1, 1, 1, 1, 1, 1, 3])
([-1, 0, 1, 0, 0, 0, 0, 0, 0, 0], [3, 0, 12, 2, 2, 2, 2, 2, 2])
([1, -1, 1, 0, 0, 0, 0, 0, 0, 0], [0, 0, 45, 1, 1, 1, 1, 2, 1])
([-1, -1, 1, 1, 0, 0, 0, 0, 0, 0], [0, 0, 0, 7, 6, 6, 6, 8, 8])
([1, -1, 1, 1, 0, 0, 0, 0, 0, -1], [0, 0, 0, 1, 1, 1, 17, 1, 0])
([-1, -1, 1, 1, 0, 0, 0, 1, 0, -1], [0, 0, 0, 5, 4, 4, 0, 4, 0])
([1, -1, 1, 1, 0, -1, 0, 1, 0, -1], [0, 0, 0, 5, 0, 1, 0, 1, 0])
([1, 0, 0, 0, 0, 0, 0, 0, 0, 0], [1, 1, 1, 1, 1, 1, 1, 1, 47])
([-1, 0, 0, 0, 0, 0, 0, 0, 0, 1], [4, 2, 2, 2, 10, 2, 2, 25, 0])
([1, 0, 0, 0, 0, -1, 0, 0, 0, 1], [1, 1, 14, 1, 0, 1, 1, 1, 0])
([-1, 0, 0, 0, 0, -1, 0, 0, 1, 1], [4, 3, 3, 4, 0, 3, 2, 0, 0])
([1, 0, 0, 0, -1, -1, 0, 0, 1, 1], [14, 3, 1, 0, 0, 1, 1, 0, 0])
([-1, 1, 0, 0, -1, -1, 0, 0, 1, 1], [0, 2, 2, 0, 0, 2, 9, 0, 0])
([1, 1, 0, 0, -1, -1, 0, -1, 1, 1], [0, 1, 5, 0, 0, 1, 0, 0, 0])
([-1, 1, 0, 1, -1, -1, 0, -1, 1, 1], [0, 3, 0, 0, 0, 2, 0, 0, 0])
([1, 1, 0, 1, -1, -1, -1, -1, 1, 1], [0, 3, 0, 0, 0, 0, 0, 0, 0])
([1, 0, 0, 0, 0, 0, 0, 0, 0, 0], [2, 6, 2, 13, 24, 2, 7, 11, 2])
([-1, 0, 0, 0, 1, 0, 0, 0, 0, 0], [12, 6, 19, 0, 16, 12, 12, 8, 8])
([1, 0, 0, 0, 1, -1, 0, 0, 0, 0], [1, 1, 1, 0, 0, 1, 1, 20, 1])
([-1, 0, 0, 0, 1, -1, 0, 0, 1, 0], [7, 5, 12, 0, 0, 10, 7, 0, 12])
([1, 0, -1, 0, 1, -1, 0, 0, 1, 0], [3, 0, 2, 0, 0, 1, 1, 0, 1])
([-1, 1, -1, 0, 1, -1, 0, 0, 1, 0], [0, 0, 1, 0, 0, 1, 1, 0, 4])
([1, 1, -1, 0, 1, -1, 0, 0, 1, -1], [0, 0, 2, 0, 0, 2, 1, 0, 0])
([-1, 1, -1, 0, 1, -1, 1, 0, 1, -1], [0, 0, 1, 0, 0, 0, 1, 0, 0])
([1, 0, 0, 0, 0, 0, 0, 0, 0, 0], [1, 1, 1, 1, 87, 1, 1, 1, 1])
([-1, 0, 0, 0, 0, 1, 0, 0, 0, 0], [2, 2, 12, 2, 0, 2, 2, 2, 2])
([1, 0, 0, -1, 0, 1, 0, 0, 0, 0], [1, 1, 0, 1, 0, 14, 1, 1, 1])
([-1, 0, 0, -1, 0, 1, 1, 0, 0, 0], [3, 3, 0, 3, 0, 0, 2, 2, 2])
([1, 0, -1, -1, 0, 1, 1, 0, 0, 0], [1, 0, 0, 3, 0, 0, 1, 1, 1])
([-1, 0, -1, -1, 0, 1, 1, 0, 0, 1], [3, 0, 0, 3, 0, 0, 2, 2, 0])
([1, 0, -1, -1, 0, 1, 1, -1, 0, 1], [1, 0, 0, 3, 0, 0, 0, 1, 0])
([1, 0, 0, 0, 0, 0, 0, 0, 0, 0], [3, 3, 7, 2, 73, 1, 1, 1, 1])
([-1, 0, 0, 0, 0, 1, 0, 0, 0, 0], [13, 11, 10, 10, 0, 9, 9, 9, 9])
([1, 0, 0, 0, -1, 1, 0, 0, 0, 0], [16, 5, 3, 0, 0, 17, 1, 1, 1])
([-1, 1, 0, 0, -1, 1, 0, 0, 0, 0], [0, 7, 12, 0, 0, 1, 2, 1, 1])
([1, 1, 0, -1, -1, 1, 0, 0, 0, 0], [0, 1, 0, 0, 0, 7, 1, 1, 1])
([-1, 1, 0, -1, -1, 1, 0, 0, 0, 1], [0, 2, 0, 0, 0, 5, 2, 2, 0])
([1, 1, 0, -1, -1, 1, 0, -1, 0, 1], [0, 2, 0, 0, 0, 6, 0, 2, 0])
([-1, 1, 0, -1, -1, 1, 1, -1, 0, 1], [0, 2, 0, 0, 0, 0, 0, 4, 0])
([1, 1, 0, -1, -1, 1, 1, -1, -1, 1], [0, 3, 0, 0, 0, 0, 0, 0, 0])
([1, 0, 0, 0, 0, 0, 0, 0, 0, 0], [5, 54, 1, 1, 1, 1, 1, 1, 1])
([-1, 0, 1, 0, 0, 0, 0, 0, 0, 0], [5, 0, 35, 7, 7, 5, 5, 7, 7])
([1, 0, 1, -1, 0, 0, 0, 0, 0, 0], [3, 0, 0, 8, 3, 2, 10, 2, 2])
([-1, 0, 1, -1, 1, 0, 0, 0, 0, 0], [1, 0, 0, 0, 1, 1, 3, 1, 1])
([1, 0, 1, -1, 1, 0, 0, -1, 0, 0], [1, 0, 0, 0, 1, 1, 0, 1, 1])
([-1, 1, 1, -1, 1, 0, 0, -1, 0, 0], [0, 0, 0, 0, 3, 1, 0, 1, 1])
([1, 0, 0, 0, 0, 0, 0, 0, 0, 0], [2, 2, 2, 7, 98, 9, 3, 2, 3])
([-1, 0, 0, 0, 0, 1, 0, 0, 0, 0], [11, 9, 13, 6, 0, 11, 6, 6, 6])
([1, 0, 0, -1, 0, 1, 0, 0, 0, 0], [2, 6, 0, 1, 0, 1, 3, 1, 1])
([-1, 0, 1, -1, 0, 1, 0, 0, 0, 0], [2, 0, 0, 2, 0, 10, 1, 1, 2])
([1, -1, 1, -1, 0, 1, 0, 0, 0, 0], [0, 0, 0, 2, 0, 4, 2, 3, 3])
([-1, -1, 1, -1, 0, 1, 0, 0, 0, 1], [0, 0, 0, 2, 0, 2, 2, 2, 0])
([1, -1, 1, -1, 0, 1, -1, 0, 0, 1], [0, 0, 0, 2, 0, 0, 2, 4, 0])
([-1, -1, 1, -1, 0, 1, -1, 0, 1, 1], [0, 0, 0, 3, 0, 0, 2, 0, 0])
([1, -1, 1, -1, 0, 1, -1, -1, 1, 1], [0, 0, 0, 1, 0, 0, 0, 0, 0])
([1, 0, 0, 0, 0, 0, 0, 0, 0, 0], [95, 1, 1, 3, 1, 1, 1, 1, 1])
([-1, 1, 0, 0, 0, 0, 0, 0, 0, 0], [0, 1, 1, 1, 11, 1, 1, 1, 1])
([1, 1, 0, 0, 0, -1, 0, 0, 0, 0], [0, 2, 2, 4, 0, 2, 2, 3, 2])
([-1, 1, 0, 0, 0, -1, 0, 1, 0, 0], [0, 2, 2, 4, 0, 1, 0, 3, 1])
([1, 1, -1, 0, 0, -1, 0, 1, 0, 0], [0, 0, 2, 2, 0, 2, 0, 1, 1])
([-1, 1, -1, 1, 0, -1, 0, 1, 0, 0], [0, 0, 0, 1, 0, 1, 0, 1, 1])
([1, 0, 0, 0, 0, 0, 0, 0, 0, 0], [3, 2, 23, 3, 1, 1, 1, 1, 1])
([-1, 0, 0, 1, 0, 0, 0, 0, 0, 0], [5, 4, 0, 9, 4, 4, 5, 7, 7])
([1, 0, -1, 1, 0, 0, 0, 0, 0, 0], [1, 0, 0, 1, 1, 1, 10, 1, 1])
([-1, 0, -1, 1, 0, 0, 0, 1, 0, 0], [3, 0, 0, 3, 2, 2, 0, 4, 2])
([1, 0, -1, 1, -1, 0, 0, 1, 0, 0], [1, 0, 0, 0, 3, 1, 0, 1, 1])
([-1, 1, -1, 1, -1, 0, 0, 1, 0, 0], [0, 0, 0, 0, 1, 1, 0, 1, 1])
([1, 1, -1, 1, -1, 0, 0, 1, 0, -1], [0, 0, 0, 0, 3, 1, 0, 1, 0])
([1, 0, 0, 0, 0, 0, 0, 0, 0, 0], [2, 5, 2, 3, 62, 1, 1, 1, 1])
([-1, 0, 0, 0, 0, 1, 0, 0, 0, 0], [8, 5, 5, 5, 0, 5, 10, 5, 5])
([1, 0, 0, 0, -1, 1, 0, 0, 0, 0], [2, 2, 2, 0, 0, 15, 1, 1, 1])
([-1, 0, 0, 0, -1, 1, 1, 0, 0, 0], [4, 4, 4, 0, 0, 0, 5, 3, 3])
([1, 0, -1, 0, -1, 1, 1, 0, 0, 0], [1, 0, 1, 0, 0, 0, 8, 1, 1])
([1, 0, 0, 0, 0, 0, 0, 0, 0, 0], [3, 16, 2, 2, 46, 1, 3, 1, 1])
([-1, 1, 0, 0, 0, 0, 0, 0, 0, 0], [0, 2, 2, 2, 12, 5, 2, 5, 2])
([1, 1, 0, 0, -1, 0, 0, 0, 0, 0], [0, 3, 8, 0, 1, 1, 3, 1, 1])
([-1, 1, 0, 1, -1, 0, 0, 0, 0, 0], [0, 14, 0, 0, 2, 2, 2, 4, 2])
([1, 1, -1, 1, -1, 0, 0, 0, 0, 0], [0, 0, 0, 0, 1, 1, 1, 7, 1])
([-1, 1, -1, 1, -1, 0, 0, 1, 0, 0], [0, 0, 0, 0, 1, 1, 0, 1, 1])
([1, 1, -1, 1, -1, 0, 0, 1, -1, 0], [0, 0, 0, 0, 3, 1, 0, 0, 1])
([1, 0, 0, 0, 0, 0, 0, 0, 0, 0], [2, 3, 2, 2, 5, 2, 138, 1, 1])
([-1, 0, 0, 0, 0, 0, 0, 1, 0, 0], [4, 5, 3, 3, 9, 3, 0, 3, 3])
([1, 0, -1, 0, 0, 0, 0, 1, 0, 0], [13, 0, 1, 1, 3, 1, 0, 1, 1])
([-1, 1, -1, 0, 0, 0, 0, 1, 0, 0], [0, 0, 8, 4, 4, 4, 0, 4, 6])
([1, 1, -1, -1, 0, 0, 0, 1, 0, 0], [0, 0, 0, 2, 10, 3, 0, 1, 1])
([-1, 1, -1, -1, 0, 1, 0, 1, 0, 0], [0, 0, 0, 3, 0, 2, 0, 2, 4])
([1, 1, -1, -1, -1, 1, 0, 1, 0, 0], [0, 0, 0, 0, 0, 1, 0, 6, 1])
([-1, 1, -1, -1, -1, 1, 0, 1, 1, 0], [0, 0, 0, 0, 0, 3, 0, 0, 2])
([1, 1, -1, -1, -1, 1, 0, 1, 1, -1], [0, 0, 0, 0, 0, 3, 0, 0, 0])
([1, 0, 0, 0, 0, 0, 0, 0, 0, 0], [16, 3, 2, 3, 62, 1, 1, 1, 1])
([-1, 0, 0, 0, 0, 1, 0, 0, 0, 0], [10, 6, 6, 16, 0, 34, 12, 6, 6])
([1, 0, 0, 0, 0, 1, -1, 0, 0, 0], [1, 1, 1, 30, 0, 0, 1, 1, 1])
([-1, 0, 0, 0, 1, 1, -1, 0, 0, 0], [3, 3, 2, 0, 0, 0, 2, 2, 2])
([1, 0, 0, 0, 1, 1, -1, -1, 0, 0], [1, 1, 1, 0, 0, 0, 0, 1, 10])
([-1, 0, 0, 0, 1, 1, -1, -1, 0, 1], [3, 3, 2, 0, 0, 0, 0, 2, 0])
([1, -1, 0, 0, 1, 1, -1, -1, 0, 1], [0, 2, 5, 0, 0, 0, 0, 1, 0])
([-1, -1, 1, 0, 1, 1, -1, -1, 0, 1], [0, 0, 2, 0, 0, 0, 0, 2, 0])
([1, -1, 1, -1, 1, 1, -1, -1, 0, 1], [0, 0, 0, 0, 0, 0, 0, 1, 0])
([1, 0, 0, 0, 0, 0, 0, 0, 0, 0], [1, 1, 1, 1, 1, 1, 1, 37, 1])
([-1, 1, 0, 0, 0, 0, 0, 0, 0, 0], [0, 3, 7, 2, 22, 1, 1, 2, 1])
([1, 1, 0, 0, 0, -1, 0, 0, 0, 0], [0, 5, 3, 5, 0, 4, 4, 6, 3])
([-1, 1, 1, 0, 0, -1, 0, 0, 0, 0], [0, 0, 8, 1, 0, 1, 2, 1, 1])
([1, 1, 1, 0, 0, -1, 0, -1, 0, 0], [0, 0, 15, 1, 0, 1, 0, 1, 1])
([1, 0, 0, 0, 0, 0, 0, 0, 0, 0], [1, 1, 1, 1, 1, 1, 1, 1, 44])
([-1, 0, 0, 0, 0, 0, 0, 0, 0, 1], [10, 23, 4, 4, 14, 8, 12, 4, 0])
([1, 0, 0, 0, 0, 0, 0, 0, -1, 1], [2, 12, 2, 3, 41, 3, 1, 0, 0])
([-1, 0, 1, 0, 0, 0, 0, 0, -1, 1], [1, 0, 10, 1, 1, 1, 1, 0, 0])
([1, 0, 1, 0, -1, 0, 0, 0, -1, 1], [2, 0, 2, 0, 2, 12, 1, 0, 0])
([-1, 0, 1, 0, -1, 0, 1, 0, -1, 1], [3, 0, 7, 0, 1, 0, 1, 0, 0])
([1, -1, 1, 0, -1, 0, 1, 0, -1, 1], [0, 0, 2, 0, 2, 0, 6, 0, 0])
([-1, -1, 1, 0, -1, 0, 1, 1, -1, 1], [0, 0, 2, 0, 4, 0, 0, 0, 0])
([1, -1, 1, -1, -1, 0, 1, 1, -1, 1], [0, 0, 0, 0, 3, 0, 0, 0, 0])
([1, 0, 0, 0, 0, 0, 0, 0, 0, 0], [2, 2, 2, 2, 2, 2, 90, 1, 3])
([-1, 0, 0, 0, 0, 0, 0, 1, 0, 0], [4, 3, 12, 6, 3, 2, 0, 2, 2])
([1, 0, 0, -1, 0, 0, 0, 1, 0, 0], [2, 2, 0, 2, 38, 1, 0, 3, 1])
([-1, 0, 1, -1, 0, 0, 0, 1, 0, 0], [2, 0, 0, 7, 2, 2, 0, 5, 1])
([1, 0, 1, -1, -1, 0, 0, 1, 0, 0], [2, 0, 0, 0, 6, 1, 0, 1, 1])
([-1, 0, 1, -1, -1, 1, 0, 1, 0, 0], [2, 0, 0, 0, 0, 4, 0, 1, 1])
([1, 0, 1, -1, -1, 1, -1, 1, 0, 0], [1, 0, 0, 0, 0, 0, 0, 1, 3])
([-1, 1, 1, -1, -1, 1, -1, 1, 0, 0], [0, 0, 0, 0, 0, 0, 0, 2, 3])
([1, 0, 0, 0, 0, 0, 0, 0, 0, 0], [2, 3, 12, 14, 50, 1, 1, 1, 1])
([-1, 0, 0, 0, 0, 1, 0, 0, 0, 0], [12, 9, 12, 18, 0, 8, 14, 10, 14])
([1, 0, 0, 0, 0, 1, 0, 0, 0, -1], [18, 1, 1, 1, 0, 1, 5, 1, 0])
([-1, 1, 0, 0, 0, 1, 0, 0, 0, -1], [0, 8, 8, 7, 0, 7, 7, 6, 0])
([1, 1, 0, 0, -1, 1, 0, 0, 0, -1], [0, 1, 1, 0, 0, 1, 5, 1, 0])
([-1, 1, 0, 0, -1, 1, 0, 1, 0, -1], [0, 3, 2, 0, 0, 2, 0, 2, 0])
([1, 1, 0, -1, -1, 1, 0, 1, 0, -1], [0, 1, 0, 0, 0, 3, 0, 1, 0])
([1, 0, 0, 0, 0, 0, 0, 0, 0, 0], [3, 3, 16, 3, 44, 2, 4, 26, 12])
([-1, 0, 0, 0, 0, 0, 0, 0, 1, 0], [4, 4, 5, 4, 5, 11, 52, 0, 3])
([1, 0, 0, 0, 0, 0, -1, 0, 1, 0], [37, 7, 1, 1, 1, 0, 1, 0, 1])
([-1, 1, 0, 0, 0, 0, -1, 0, 1, 0], [0, 1, 1, 1, 1, 0, 24, 0, 1])
([1, 1, 0, 0, 0, 0, -1, -1, 1, 0], [0, 14, 2, 2, 2, 0, 0, 0, 2])
([-1, 1, 1, 0, 0, 0, -1, -1, 1, 0], [0, 0, 7, 2, 2, 0, 0, 0, 2])
([1, 1, 1, 0, -1, 0, -1, -1, 1, 0], [0, 0, 1, 0, 4, 0, 0, 0, 1])
([-1, 1, 1, 0, -1, 1, -1, -1, 1, 0], [0, 0, 3, 0, 0, 0, 0, 0, 1])
([1, 1, 1, 0, -1, 1, -1, -1, 1, -1], [0, 0, 3, 0, 0, 0, 0, 0, 0])
([1, 0, 0, 0, 0, 0, 0, 0, 0, 0], [1, 1, 1, 1, 1, 1, 1, 84, 1])
([-1, 0, 0, 0, 0, 0, 0, 0, 1, 0], [13, 2, 2, 2, 4, 2, 31, 0, 2])
([1, 0, 0, 0, 0, 0, -1, 0, 1, 0], [1, 1, 1, 7, 1, 0, 1, 0, 1])
([-1, 0, 0, 0, 1, 0, -1, 0, 1, 0], [3, 3, 6, 0, 6, 0, 2, 0, 2])
([1, 0, -1, 0, 1, 0, -1, 0, 1, 0], [1, 0, 3, 0, 1, 0, 1, 0, 1])
([-1, 0, -1, 1, 1, 0, -1, 0, 1, 0], [1, 0, 0, 0, 1, 0, 1, 0, 1])
([1, 0, -1, 1, 1, 0, -1, 0, 1, -1], [1, 0, 0, 0, 1, 0, 3, 0, 0])
([-1, 0, -1, 1, 1, 0, -1, 1, 1, -1], [1, 0, 0, 0, 1, 0, 0, 0, 0])
([1, 0, 0, 0, 0, 0, 0, 0, 0, 0], [7, 2, 2, 12, 74, 1, 3, 1, 1])
([-1, 0, 0, 0, 1, 0, 0, 0, 0, 0], [2, 4, 1, 0, 1, 2, 1, 1, 1])
([1, 0, 0, 0, 1, 0, 0, 0, 0, -1], [1, 1, 1, 0, 1, 1, 7, 1, 0])
([-1, 1, 0, 0, 1, 0, 0, 0, 0, -1], [0, 2, 13, 0, 2, 2, 2, 2, 0])
([1, 1, 0, -1, 1, 0, 0, 0, 0, -1], [0, 4, 0, 0, 10, 2, 2, 2, 0])
([-1, 1, 1, -1, 1, 0, 0, 0, 0, -1], [0, 0, 0, 0, 6, 1, 1, 1, 0])
([1, 1, 1, -1, 1, -1, 0, 0, 0, -1], [0, 0, 0, 0, 0, 3, 2, 2, 0])
([-1, 1, 1, -1, 1, -1, 1, 0, 0, -1], [0, 0, 0, 0, 0, 0, 2, 3, 0])
([1, 0, 0, 0, 0, 0, 0, 0, 0, 0], [5, 2, 5, 65, 1, 1, 1, 1, 1])
([-1, 0, 0, 0, 1, 0, 0, 0, 0, 0], [7, 4, 17, 0, 4, 4, 4, 4, 5])
([1, 0, 0, -1, 1, 0, 0, 0, 0, 0], [3, 5, 0, 0, 9, 1, 2, 1, 1])
([-1, 0, 0, -1, 1, 1, 0, 0, 0, 0], [4, 2, 0, 0, 0, 18, 2, 2, 2])
([1, 0, 0, -1, 1, 1, -1, 0, 0, 0], [2, 5, 0, 0, 0, 0, 2, 16, 1])
([-1, 0, 0, -1, 1, 1, -1, 0, 1, 0], [4, 3, 0, 0, 0, 0, 3, 0, 8])
([1, 0, 0, 0, 0, 0, 0, 0, 0, 0], [115, 1, 1, 1, 1, 3, 1, 1, 1])
([-1, 0, 0, 0, 0, 0, 1, 0, 0, 0], [2, 2, 3, 2, 2, 0, 30, 1, 3])
([1, 0, 0, 0, 0, 0, 1, -1, 0, 0], [4, 4, 3, 8, 27, 0, 0, 4, 4])
([-1, 0, 0, 0, 0, 0, 1, -1, 0, 1], [2, 2, 9, 10, 30, 0, 0, 1, 0])
([1, 0, 0, 0, -1, 0, 1, -1, 0, 1], [10, 2, 2, 0, 2, 0, 0, 2, 0])
([-1, 0, 0, 0, -1, 1, 1, -1, 0, 1], [8, 2, 2, 0, 0, 0, 0, 2, 0])
([1, 0, 0, 0, 0, 0, 0, 0, 0, 0], [2, 5, 2, 3, 21, 1, 1, 1, 1])
([-1, 0, 0, 0, 0, 1, 0, 0, 0, 0], [2, 2, 2, 2, 0, 2, 6, 2, 2])
([1, 0, 0, 0, 0, 1, -1, 0, 0, 0], [1, 1, 1, 1, 0, 0, 1, 1, 36])
([-1, 0, 0, 1, 0, 1, -1, 0, 0, 0], [9, 8, 0, 8, 0, 0, 8, 8, 7])
([1, -1, 0, 1, 0, 1, -1, 0, 0, 0], [0, 19, 0, 1, 0, 0, 1, 1, 1])
([-1, -1, 1, 1, 0, 1, -1, 0, 0, 0], [0, 0, 0, 5, 0, 0, 6, 5, 4])
([1, -1, 1, 1, 0, 1, -1, -1, 0, 0], [0, 0, 0, 4, 0, 0, 0, 2, 1])
([1, 0, 0, 0, 0, 0, 0, 0, 0, 0], [1, 43, 1, 1, 1, 1, 1, 1, 1])
([-1, 0, 0, 0, 0, 0, 0, 0, 1, 0], [7, 3, 5, 3, 3, 3, 18, 0, 10])
([1, 0, 0, 0, 0, 0, 0, -1, 1, 0], [4, 4, 19, 6, 4, 2, 0, 0, 2])
([-1, 0, 0, 1, 0, 0, 0, -1, 1, 0], [2, 8, 0, 1, 1, 2, 0, 0, 1])
([1, -1, 0, 1, 0, 0, 0, -1, 1, 0], [0, 2, 0, 10, 1, 2, 0, 0, 1])
([-1, -1, 0, 1, 1, 0, 0, -1, 1, 0], [0, 3, 0, 0, 2, 2, 0, 0, 2])
([1, -1, 0, 1, 1, -1, 0, -1, 1, 0], [0, 4, 0, 0, 0, 1, 0, 0, 3])
([-1, -1, 0, 1, 1, -1, 0, -1, 1, 1], [0, 4, 0, 0, 0, 2, 0, 0, 0])
([1, -1, 0, 1, 1, -1, -1, -1, 1, 1], [0, 3, 0, 0, 0, 0, 0, 0, 0])
([1, 0, 0, 0, 0, 0, 0, 0, 0, 0], [9, 2, 2, 3, 2, 24, 1, 1, 1])
([-1, 0, 0, 0, 0, 0, 1, 0, 0, 0], [2, 3, 2, 2, 8, 0, 1, 1, 1])
([1, -1, 0, 0, 0, 0, 1, 0, 0, 0], [0, 33, 1, 1, 1, 0, 1, 2, 1])
([-1, -1, 1, 0, 0, 0, 1, 0, 0, 0], [0, 0, 2, 2, 3, 0, 2, 5, 1])
([1, -1, 1, 0, 0, 0, 1, 0, -1, 0], [0, 0, 16, 1, 2, 0, 1, 0, 1])
([-1, -1, 1, 0, 0, 0, 1, 0, -1, 1], [0, 0, 6, 1, 3, 0, 1, 0, 0])
([1, -1, 1, 0, 0, 0, 1, -1, -1, 1], [0, 0, 1, 1, 5, 0, 0, 0, 0])
([-1, -1, 1, 0, 1, 0, 1, -1, -1, 1], [0, 0, 3, 0, 2, 0, 0, 0, 0])
([1, -1, 1, -1, 1, 0, 1, -1, -1, 1], [0, 0, 0, 0, 1, 0, 0, 0, 0])
([1, 0, 0, 0, 0, 0, 0, 0, 0, 0], [2, 2, 2, 7, 3, 44, 1, 1, 1])
([-1, 0, 0, 0, 0, 0, 1, 0, 0, 0], [2, 2, 2, 2, 7, 0, 3, 5, 2])
([1, 0, 0, 0, 0, 0, 1, 0, 0, -1], [2, 2, 9, 33, 1, 0, 1, 1, 0])
([-1, 0, 0, 0, 1, 0, 1, 0, 0, -1], [5, 5, 5, 0, 12, 0, 5, 4, 0])
([1, 0, 0, 0, 1, -1, 1, 0, 0, -1], [2, 3, 3, 0, 0, 0, 2, 1, 0])
([-1, 1, 0, 0, 1, -1, 1, 0, 0, -1], [0, 3, 3, 0, 0, 0, 1, 1, 0])
([1, 1, 0, 0, 1, -1, 1, -1, 0, -1], [0, 3, 3, 0, 0, 0, 0, 2, 0])
([-1, 1, 1, 0, 1, -1, 1, -1, 0, -1], [0, 0, 3, 0, 0, 0, 0, 1, 0])
([1, 0, 0, 0, 0, 0, 0, 0, 0, 0], [2, 3, 2, 5, 52, 1, 1, 3, 1])
([-1, 0, 1, 0, 0, 0, 0, 0, 0, 0], [5, 0, 24, 3, 3, 3, 7, 3, 5])
([1, 0, 1, -1, 0, 0, 0, 0, 0, 0], [3, 0, 0, 8, 8, 5, 16, 6, 3])
([-1, 0, 1, -1, 0, 0, 0, 1, 0, 0], [3, 0, 0, 3, 3, 2, 0, 9, 1])
([1, -1, 1, -1, 0, 0, 0, 1, 0, 0], [0, 0, 0, 1, 1, 7, 0, 1, 1])
([-1, -1, 1, -1, 0, 0, 1, 1, 0, 0], [0, 0, 0, 2, 3, 0, 0, 2, 1])
([1, -1, 1, -1, 0, 0, 1, 1, 0, -1], [0, 0, 0, 1, 1, 0, 0, 6, 0])
([1, 0, 0, 0, 0, 0, 0, 0, 0, 0], [3, 5, 2, 37, 2, 2, 2, 2, 2])
([-1, 1, 0, 0, 0, 0, 0, 0, 0, 0], [0, 4, 4, 3, 3, 6, 4, 12, 4])
([1, 1, 0, 0, 0, 0, 0, 0, -1, 0], [0, 2, 2, 2, 21, 1, 1, 0, 5])
([-1, 1, 0, 0, 0, 1, 0, 0, -1, 0], [0, 9, 6, 11, 0, 6, 11, 0, 9])
([1, 1, -1, 0, 0, 1, 0, 0, -1, 0], [0, 0, 2, 3, 0, 1, 1, 0, 1])
([-1, 1, -1, 1, 0, 1, 0, 0, -1, 0], [0, 0, 0, 2, 0, 2, 4, 0, 2])
([1, 1, -1, 1, 0, 1, 0, -1, -1, 0], [0, 0, 0, 3, 0, 1, 0, 0, 1])
([-1, 1, -1, 1, 0, 1, 0, -1, -1, 1], [0, 0, 0, 3, 0, 2, 0, 0, 0])
([1, 0, 0, 0, 0, 0, 0, 0, 0, 0], [2, 3, 3, 13, 1, 1, 1, 1, 1])
([-1, 0, 0, 0, 1, 0, 0, 0, 0, 0], [2, 2, 7, 0, 15, 2, 2, 2, 2])
([1, 0, 0, 0, 1, 0, 0, -1, 0, 0], [1, 1, 1, 0, 36, 1, 0, 1, 1])
([-1, 0, 0, 0, 1, 1, 0, -1, 0, 0], [5, 5, 5, 0, 0, 7, 0, 5, 5])
([1, 0, 0, 0, 1, 1, -1, -1, 0, 0], [2, 2, 11, 0, 0, 0, 0, 1, 1])
([1, 0, 0, 0, 0, 0, 0, 0, 0, 0], [1, 1, 1, 28, 1, 1, 1, 1, 1])
([-1, 0, 0, 0, 1, 0, 0, 0, 0, 0], [2, 2, 8, 0, 1, 1, 3, 1, 1])
([1, -1, 0, 0, 1, 0, 0, 0, 0, 0], [0, 1, 1, 0, 10, 1, 1, 1, 1])
([-1, -1, 1, 0, 1, 0, 0, 0, 0, 0], [0, 0, 6, 0, 2, 2, 2, 2, 2])
([1, -1, 1, -1, 1, 0, 0, 0, 0, 0], [0, 0, 0, 0, 4, 1, 2, 1, 1])
([-1, -1, 1, -1, 1, 0, 0, 0, 0, 1], [0, 0, 0, 0, 1, 1, 3, 1, 0])
([1, -1, 1, -1, 1, 0, 0, -1, 0, 1], [0, 0, 0, 0, 1, 1, 0, 1, 0])
([-1, -1, 1, -1, 1, 0, 0, -1, 1, 1], [0, 0, 0, 0, 2, 2, 0, 0, 0])
([1, 0, 0, 0, 0, 0, 0, 0, 0, 0], [1, 36, 1, 1, 1, 1, 1, 1, 1])
([-1, 0, 0, 0, 0, 0, 1, 0, 0, 0], [10, 3, 3, 7, 10, 0, 22, 7, 3])
([1, 0, 0, 0, 0, 0, 1, -1, 0, 0], [2, 2, 13, 9, 1, 0, 0, 1, 1])
([-1, 0, 0, 1, 0, 0, 1, -1, 0, 0], [1, 1, 0, 18, 1, 0, 0, 1, 1])
([1, 0, 0, 1, -1, 0, 1, -1, 0, 0], [2, 18, 0, 0, 2, 0, 0, 2, 2])
([-1, 0, 1, 1, -1, 0, 1, -1, 0, 0], [9, 0, 0, 0, 2, 0, 0, 2, 2])
([1, 0, 1, 1, -1, 0, 1, -1, -1, 0], [6, 0, 0, 0, 1, 0, 0, 0, 1])
([-1, 0, 1, 1, -1, 0, 1, -1, -1, 1], [3, 0, 0, 0, 2, 0, 0, 0, 0])
([1, 0, 1, 1, -1, -1, 1, -1, -1, 1], [3, 0, 0, 0, 0, 0, 0, 0, 0])
([1, 0, 0, 0, 0, 0, 0, 0, 0, 0], [1, 1, 1, 1, 14, 1, 1, 1, 1])
([-1, 0, 0, 1, 0, 0, 0, 0, 0, 0], [11, 4, 0, 7, 5, 7, 5, 3, 5])
([1, 0, 0, 1, 0, 0, 0, 0, -1, 0], [1, 1, 0, 1, 43, 1, 1, 0, 1])
([-1, 0, 0, 1, 0, 0, 0, 0, -1, 1], [3, 4, 0, 1, 3, 1, 1, 0, 0])
([1, 0, -1, 1, 0, 0, 0, 0, -1, 1], [2, 0, 0, 2, 1, 1, 3, 0, 0])
([-1, 0, -1, 1, 0, 0, 0, 1, -1, 1], [2, 0, 0, 2, 4, 2, 0, 0, 0])
([1, 0, 0, 0, 0, 0, 0, 0, 0, 0], [22, 69, 1, 1, 1, 2, 1, 1, 1])
([-1, 1, 0, 0, 0, 0, 0, 0, 0, 0], [0, 3, 9, 2, 10, 1, 1, 1, 1])
([1, 1, -1, 0, 0, 0, 0, 0, 0, 0], [0, 0, 6, 1, 1, 1, 2, 1, 1])
([-1, 1, -1, 0, 0, 0, 0, 0, 0, 1], [0, 0, 3, 3, 2, 9, 3, 16, 0])
([1, 1, -1, 0, 0, -1, 0, 0, 0, 1], [0, 0, 2, 2, 0, 2, 2, 11, 0])
([-1, 1, -1, 0, 0, -1, 0, 0, 1, 1], [0, 0, 3, 6, 0, 3, 2, 0, 0])
([1, 1, -1, 0, -1, -1, 0, 0, 1, 1], [0, 0, 1, 0, 0, 1, 5, 0, 0])
([1, 0, 0, 0, 0, 0, 0, 0, 0, 0], [2, 2, 41, 1, 1, 1, 2, 1, 1])
([-1, 0, 0, 1, 0, 0, 0, 0, 0, 0], [3, 3, 0, 2, 4, 2, 2, 2, 4])
([1, 0, 0, 1, 0, -1, 0, 0, 0, 0], [1, 1, 0, 1, 0, 1, 13, 1, 1])
([-1, 0, 0, 1, 0, -1, 0, 1, 0, 0], [4, 3, 0, 2, 0, 2, 0, 2, 2])
([1, 0, 0, 1, 0, -1, -1, 1, 0, 0], [1, 1, 0, 1, 0, 0, 0, 1, 3])
([-1, 0, 0, 1, 0, -1, -1, 1, 0, 1], [1, 1, 0, 1, 0, 0, 0, 1, 0])
([1, 0, 0, 1, -1, -1, -1, 1, 0, 1], [1, 3, 0, 0, 0, 0, 0, 1, 0])
([-1, 0, 1, 1, -1, -1, -1, 1, 0, 1], [1, 0, 0, 0, 0, 0, 0, 1, 0])
([1, -1, 1, 1, -1, -1, -1, 1, 0, 1], [0, 0, 0, 0, 0, 0, 0, 3, 0])
([1, 0, 0, 0, 0, 0, 0, 0, 0, 0], [2, 2, 75, 1, 1, 1, 1, 1, 1])
([-1, 0, 0, 1, 0, 0, 0, 0, 0, 0], [10, 6, 0, 20, 10, 8, 6, 8, 6])
([1, -1, 0, 1, 0, 0, 0, 0, 0, 0], [0, 3, 0, 14, 1, 1, 1, 1, 1])
([-1, -1, 0, 1, 0, 0, 0, 1, 0, 0], [0, 7, 0, 7, 7, 6, 0, 10, 6])
([1, -1, -1, 1, 0, 0, 0, 1, 0, 0], [0, 0, 0, 1, 1, 1, 0, 7, 1])
([-1, -1, -1, 1, 1, 0, 0, 1, 0, 0], [0, 0, 0, 0, 1, 1, 0, 1, 1])
([1, -1, -1, 1, 1, -1, 0, 1, 0, 0], [0, 0, 0, 0, 0, 1, 0, 1, 3])
([-1, -1, -1, 1, 1, -1, 0, 1, 0, 1], [0, 0, 0, 0, 0, 1, 0, 1, 0])
([1, -1, -1, 1, 1, -1, -1, 1, 0, 1], [0, 0, 0, 0, 0, 0, 0, 3, 0])
([1, 0, 0, 0, 0, 0, 0, 0, 0, 0], [3, 29, 1, 2, 1, 1, 1, 1, 1])
([-1, 0, 1, 0, 0, 0, 0, 0, 0, 0], [2, 0, 19, 1, 1, 1, 3, 1, 1])
([1, 0, 1, -1, 0, 0, 0, 0, 0, 0], [2, 0, 0, 2, 7, 2, 2, 2, 5])
([-1, 0, 1, -1, 0, 0, 0, 1, 0, 0], [1, 0, 0, 1, 1, 1, 0, 11, 1])
([1, 0, 1, -1, 0, 0, 0, 1, -1, 0], [2, 0, 0, 2, 3, 1, 0, 0, 2])
([-1, 0, 1, -1, 1, 0, 0, 1, -1, 0], [1, 0, 0, 0, 3, 1, 0, 0, 1])
([1, 0, 0, 0, 0, 0, 0, 0, 0, 0], [7, 2, 2, 3, 3, 3, 120, 1, 1])
([-1, 0, 0, 0, 0, 0, 0, 1, 0, 0], [8, 10, 30, 8, 8, 8, 0, 12, 12])
([1, 0, 0, 0, 0, 0, -1, 1, 0, 0], [3, 5, 29, 1, 2, 0, 0, 1, 1])
([-1, 0, 0, 1, 0, 0, -1, 1, 0, 0], [3, 4, 0, 2, 2, 0, 0, 4, 2])
([1, 0, 0, 1, 0, 0, -1, 1, -1, 0], [1, 1, 0, 8, 1, 0, 0, 0, 1])
([-1, 0, 0, 1, 1, 0, -1, 1, -1, 0], [2, 3, 0, 0, 1, 0, 0, 0, 2])
([1, 0, 0, 1, 1, 0, -1, 1, -1, -1], [1, 1, 0, 0, 6, 0, 0, 0, 0])
([1, 0, 0, 0, 0, 0, 0, 0, 0, 0], [3, 3, 2, 2, 10, 72, 1, 1, 1])
([-1, 0, 0, 0, 0, 1, 0, 0, 0, 0], [4, 10, 4, 12, 0, 10, 16, 4, 4])
([1, 0, 0, 0, 0, 1, 0, -1, 0, 0], [1, 1, 1, 23, 0, 1, 0, 1, 1])
([-1, 0, 0, 0, 1, 1, 0, -1, 0, 0], [5, 4, 7, 0, 0, 3, 0, 3, 3])
([1, 0, 0, 0, 1, 1, -1, -1, 0, 0], [3, 2, 1, 0, 0, 0, 0, 1, 1])
([1, 0, 0, 0, 0, 0, 0, 0, 0, 0], [1, 1, 1, 1, 1, 1, 1, 71, 1])
([-1, 0, 0, 0, 0, 0, 0, 0, 1, 0], [3, 7, 7, 7, 9, 3, 37, 0, 3])
([1, 0, 0, 0, -1, 0, 0, 0, 1, 0], [2, 45, 1, 0, 2, 1, 1, 0, 1])
([-1, 0, 1, 0, -1, 0, 0, 0, 1, 0], [6, 0, 15, 0, 8, 8, 6, 0, 6])
([1, 0, 1, -1, -1, 0, 0, 0, 1, 0], [1, 0, 0, 0, 1, 10, 1, 0, 1])
([-1, 0, 1, -1, -1, 0, 1, 0, 1, 0], [3, 0, 0, 0, 2, 0, 6, 0, 2])
([1, 0, 1, -1, -1, 0, 1, 0, 1, -1], [1, 0, 0, 0, 1, 0, 5, 0, 0])
([-1, 1, 1, -1, -1, 0, 1, 0, 1, -1], [0, 0, 0, 0, 3, 0, 3, 0, 0])
([1, 1, 1, -1, -1, -1, 1, 0, 1, -1], [0, 0, 0, 0, 0, 0, 3, 0, 0])
([1, 0, 0, 0, 0, 0, 0, 0, 0, 0], [3, 16, 14, 2, 3, 5, 89, 1, 1])
([-1, 0, 0, 0, 0, 0, 0, 1, 0, 0], [7, 6, 6, 4, 4, 4, 0, 4, 4])
([1, 0, 0, -1, 0, 0, 0, 1, 0, 0], [5, 2, 0, 9, 2, 10, 0, 1, 1])
([-1, 0, 0, -1, 0, 1, 0, 1, 0, 0], [6, 3, 0, 3, 0, 4, 0, 2, 2])
([1, 0, 0, -1, -1, 1, 0, 1, 0, 0], [1, 1, 0, 0, 0, 3, 0, 1, 1])
([-1, 0, 0, -1, -1, 1, 0, 1, 1, 0], [3, 3, 0, 0, 0, 2, 0, 0, 2])
([1, -1, 0, -1, -1, 1, 0, 1, 1, 0], [0, 1, 0, 0, 0, 1, 0, 0, 5])
([1, 0, 0, 0, 0, 0, 0, 0, 0, 0], [2, 2, 3, 9, 84, 1, 1, 1, 2])
([-1, 0, 0, 0, 0, 1, 0, 0, 0, 0], [15, 8, 8, 8, 0, 10, 12, 10, 10])
([1, 0, 0, 0, 0, 1, 0, 0, -1, 0], [1, 1, 1, 1, 0, 17, 1, 0, 1])
([-1, 0, 0, 0, 0, 1, 1, 0, -1, 0], [13, 8, 8, 7, 0, 0, 7, 0, 9])
([1, 0, 0, 0, 0, 1, 1, -1, -1, 0], [1, 5, 1, 1, 0, 0, 0, 0, 1])
([-1, 1, 0, 0, 0, 1, 1, -1, -1, 0], [0, 5, 3, 4, 0, 0, 0, 0, 3])
([1, 1, 0, -1, 0, 1, 1, -1, -1, 0], [0, 4, 0, 1, 0, 0, 0, 0, 1])
([1, 0, 0, 0, 0, 0, 0, 0, 0, 0], [2, 2, 2, 11, 1, 1, 1, 1, 1])
([-1, 0, 0, 0, 1, 0, 0, 0, 0, 0], [3, 6, 3, 0, 8, 3, 10, 6, 3])
([1, -1, 0, 0, 1, 0, 0, 0, 0, 0], [0, 14, 1, 0, 1, 1, 1, 1, 1])
([-1, -1, 0, 1, 1, 0, 0, 0, 0, 0], [0, 3, 0, 0, 2, 2, 2, 2, 2])
([1, -1, 0, 1, 1, -1, 0, 0, 0, 0], [0, 1, 0, 0, 0, 9, 1, 1, 1])
([-1, -1, 0, 1, 1, -1, 1, 0, 0, 0], [0, 3, 0, 0, 0, 0, 2, 2, 2])
([1, -1, -1, 1, 1, -1, 1, 0, 0, 0], [0, 0, 0, 0, 0, 0, 1, 1, 3])
([-1, -1, -1, 1, 1, -1, 1, 0, 1, 0], [0, 0, 0, 0, 0, 0, 1, 0, 1])
([1, -1, -1, 1, 1, -1, 1, 0, 1, -1], [0, 0, 0, 0, 0, 0, 3, 0, 0])
([1, 0, 0, 0, 0, 0, 0, 0, 0, 0], [3, 3, 63, 1, 1, 1, 1, 1, 1])
([-1, 0, 0, 1, 0, 0, 0, 0, 0, 0], [2, 2, 0, 7, 2, 2, 7, 4, 2])
([1, 0, -1, 1, 0, 0, 0, 0, 0, 0], [2, 0, 0, 2, 1, 1, 1, 2, 1])
([-1, 1, -1, 1, 0, 0, 0, 0, 0, 0], [0, 0, 0, 2, 2, 3, 1, 1, 1])
([1, 1, -1, 1, 0, -1, 0, 0, 0, 0], [0, 0, 0, 1, 0, 1, 3, 1, 1])
([-1, 1, -1, 1, 0, -1, 0, 0, 1, 0], [0, 0, 0, 2, 0, 2, 4, 0, 2])
([1, 1, -1, 1, 0, -1, -1, 0, 1, 0], [0, 0, 0, 1, 0, 0, 3, 0, 1])
([-1, 1, -1, 1, 0, -1, -1, 1, 1, 0], [0, 0, 0, 1, 0, 0, 0, 0, 1])
([1, 0, 0, 0, 0, 0, 0, 0, 0, 0], [2, 2, 38, 1, 1, 1, 9, 1, 1])
([-1, 0, 0, 0, 0, 0, 0, 1, 0, 0], [7, 5, 5, 5, 7, 11, 0, 5, 15])
([1, 0, 0, 0, 0, 0, -1, 1, 0, 0], [1, 1, 1, 1, 1, 0, 0, 36, 1])
([-1, 0, 0, 0, 0, 0, -1, 1, 1, 0], [5, 5, 13, 5, 5, 0, 0, 0, 9])
([1, 0, 0, 0, 0, 0, -1, 1, 1, -1], [2, 3, 7, 1, 1, 0, 0, 0, 0])
([-1, 1, 0, 0, 0, 0, -1, 1, 1, -1], [0, 3, 8, 2, 2, 0, 0, 0, 0])
([1, 1, 0, 0, 0, -1, -1, 1, 1, -1], [0, 2, 6, 2, 0, 0, 0, 0, 0])
([-1, 1, 0, 0, 1, -1, -1, 1, 1, -1], [0, 3, 1, 0, 0, 0, 0, 0, 0])
([1, 0, 0, 0, 0, 0, 0, 0, 0, 0], [2, 2, 74, 1, 1, 1, 1, 32, 1])
([-1, 0, 0, 1, 0, 0, 0, 0, 0, 0], [9, 7, 0, 7, 7, 14, 12, 10, 8])
([1, 0, 0, 1, -1, 0, 0, 0, 0, 0], [2, 33, 0, 0, 1, 1, 3, 1, 1])
([-1, 0, 0, 1, -1, 0, 0, 1, 0, 0], [3, 3, 0, 0, 2, 2, 0, 2, 2])
([1, 0, 0, 1, -1, 0, -1, 1, 0, 0], [1, 1, 0, 0, 8, 0, 0, 1, 1])
([-1, 0, 1, 1, -1, 0, -1, 1, 0, 0], [6, 0, 0, 0, 5, 0, 0, 5, 5])
([1, 0, 1, 1, -1, 0, -1, 1, 0, -1], [6, 0, 0, 0, 1, 0, 0, 1, 0])
([1, 0, 0, 0, 0, 0, 0, 0, 0, 0], [2, 3, 5, 1, 1, 1, 1, 1, 1])
([-1, 0, 0, 1, 0, 0, 0, 0, 0, 0], [6, 6, 0, 3, 3, 3, 18, 3, 8])
([1, 0, 0, 1, 0, 0, 0, 0, 0, -1], [1, 1, 0, 16, 1, 1, 1, 1, 0])
([-1, 0, 0, 1, 0, 0, 1, 0, 0, -1], [2, 7, 0, 2, 2, 0, 5, 4, 0])
([1, 0, 0, 1, 0, 0, 1, -1, 0, -1], [1, 1, 0, 14, 1, 0, 0, 1, 0])
([-1, 1, 0, 1, 0, 0, 1, -1, 0, -1], [0, 6, 0, 1, 1, 0, 0, 1, 0])
([1, 1, -1, 1, 0, 0, 1, -1, 0, -1], [0, 0, 0, 2, 3, 0, 0, 1, 0])
([-1, 1, -1, 1, 0, 0, 1, -1, 1, -1], [0, 0, 0, 4, 2, 0, 0, 0, 0])
([1, 0, 0, 0, 0, 0, 0, 0, 0, 0], [1, 1, 7, 1, 1, 1, 1, 1, 1])
([-1, 0, 0, 0, 1, 0, 0, 0, 0, 0], [4, 4, 4, 0, 9, 4, 8, 4, 4])
([1, 0, 0, 0, 1, 0, -1, 0, 0, 0], [1, 1, 1, 0, 1, 0, 1, 1, 16])
([-1, 0, 0, 0, 1, 1, -1, 0, 0, 0], [3, 3, 2, 0, 0, 0, 2, 2, 2])
([1, -1, 0, 0, 1, 1, -1, 0, 0, 0], [0, 3, 6, 0, 0, 0, 2, 1, 1])
([-1, -1, 0, 0, 1, 1, -1, 1, 0, 0], [0, 3, 4, 0, 0, 0, 0, 2, 2])
([1, -1, -1, 0, 1, 1, -1, 1, 0, 0], [0, 0, 3, 0, 0, 0, 0, 1, 1])
([1, 0, 0, 0, 0, 0, 0, 0, 0, 0], [2, 2, 5, 5, 3, 108, 1, 1, 2])
([-1, 0, 0, 0, 0, 0, 1, 0, 0, 0], [5, 6, 8, 4, 6, 0, 4, 6, 4])
([1, 0, 0, 0, 0, 0, 1, 0, -1, 0], [1, 1, 1, 1, 21, 0, 1, 0, 1])
([-1, 0, 0, 0, 0, 1, 1, 0, -1, 0], [5, 6, 4, 4, 0, 0, 4, 0, 4])
([1, 0, 0, 0, -1, 1, 1, 0, -1, 0], [8, 1, 2, 0, 0, 0, 1, 0, 1])
([-1, 1, 0, 0, -1, 1, 1, 0, -1, 0], [0, 3, 4, 0, 0, 0, 2, 0, 2])
([1, 1, 0, -1, -1, 1, 1, 0, -1, 0], [0, 1, 0, 0, 0, 0, 3, 0, 1])
([1, 0, 0, 0, 0, 0, 0, 0, 0, 0], [5, 60, 3, 2, 91, 1, 1, 1, 1])
([-1, 0, 0, 0, 0, 1, 0, 0, 0, 0], [4, 10, 7, 6, 0, 7, 4, 4, 4])
([1, 0, 0, 0, 0, 1, 0, 0, -1, 0], [1, 1, 1, 1, 0, 24, 1, 0, 1])
([-1, 0, 0, 0, 0, 1, 1, 0, -1, 0], [13, 8, 8, 7, 0, 0, 13, 0, 7])
([1, 0, 0, -1, 0, 1, 1, 0, -1, 0], [7, 1, 0, 1, 0, 0, 1, 0, 1])
([-1, 1, 0, -1, 0, 1, 1, 0, -1, 0], [0, 3, 0, 2, 0, 0, 2, 0, 2])
([1, 1, 0, -1, 0, 1, 1, 0, -1, -1], [0, 4, 0, 1, 0, 0, 1, 0, 0])
([1, 0, 0, 0, 0, 0, 0, 0, 0, 0], [3, 60, 2, 1, 1, 1, 1, 1, 1])
([-1, 0, 1, 0, 0, 0, 0, 0, 0, 0], [4, 0, 26, 3, 3, 7, 3, 7, 9])
([1, 0, 1, -1, 0, 0, 0, 0, 0, 0], [2, 0, 0, 5, 6, 1, 3, 1, 1])
([-1, 0, 1, -1, 0, 1, 0, 0, 0, 0], [1, 0, 0, 1, 0, 1, 3, 1, 1])
([1, 0, 1, -1, 0, 1, 0, -1, 0, 0], [1, 0, 0, 1, 0, 1, 0, 1, 1])
([-1, 1, 1, -1, 0, 1, 0, -1, 0, 0], [0, 0, 0, 2, 0, 1, 0, 1, 2])
([1, 1, 1, -1, -1, 1, 0, -1, 0, 0], [0, 0, 0, 0, 0, 1, 0, 1, 1])
([-1, 1, 1, -1, -1, 1, 0, -1, 0, 1], [0, 0, 0, 0, 0, 3, 0, 1, 0])
([1, 1, 1, -1, -1, 1, -1, -1, 0, 1], [0, 0, 0, 0, 0, 0, 0, 1, 0])
([1, 0, 0, 0, 0, 0, 0, 0, 0, 0], [5, 3, 5, 7, 2, 2, 79, 1, 1])
([-1, 1, 0, 0, 0, 0, 0, 0, 0, 0], [0, 15, 1, 1, 1, 1, 1, 2, 1])
([1, 1, -1, 0, 0, 0, 0, 0, 0, 0], [0, 0, 9, 1, 5, 1, 1, 1, 1])
([-1, 1, -1, 0, 0, 0, 0, 1, 0, 0], [0, 0, 4, 3, 3, 4, 0, 2, 2])
([1, 1, -1, 0, 0, -1, 0, 1, 0, 0], [0, 0, 2, 1, 0, 1, 0, 3, 1])
([-1, 1, -1, 0, 0, -1, 0, 1, 1, 0], [0, 0, 2, 2, 0, 2, 0, 0, 4])
([1, 1, -1, 0, 0, -1, -1, 1, 1, 0], [0, 0, 1, 1, 0, 0, 0, 0, 3])
([1, 0, 0, 0, 0, 0, 0, 0, 0, 0], [1, 1, 1, 12, 1, 1, 1, 1, 1])
([-1, 0, 0, 0, 1, 0, 0, 0, 0, 0], [7, 7, 27, 0, 7, 9, 7, 12, 9])
([1, 0, 0, -1, 1, 0, 0, 0, 0, 0], [2, 2, 0, 0, 9, 1, 1, 3, 1])
([-1, 0, 0, -1, 1, 0, 0, 1, 0, 0], [5, 2, 0, 0, 2, 2, 0, 8, 1])
([1, 0, 0, -1, 1, 0, 0, 1, -1, 0], [4, 2, 0, 0, 4, 2, 0, 0, 2])
([-1, 0, 1, -1, 1, 0, 0, 1, -1, 0], [1, 0, 0, 0, 3, 1, 0, 0, 1])
([1, 0, 0, 0, 0, 0, 0, 0, 0, 0], [2, 5, 2, 2, 2, 31, 1, 1, 1])
([-1, 0, 0, 0, 0, 1, 0, 0, 0, 0], [5, 5, 5, 5, 0, 5, 8, 12, 12])
([1, 0, 0, 0, 0, 1, 0, 0, -1, 0], [1, 1, 1, 1, 0, 26, 1, 0, 1])
([-1, 0, 0, 0, 0, 1, 1, 0, -1, 0], [4, 4, 4, 3, 0, 0, 3, 0, 3])
([1, 0, 0, -1, 0, 1, 1, 0, -1, 0], [1, 4, 0, 1, 0, 0, 1, 0, 1])
([-1, 0, 1, -1, 0, 1, 1, 0, -1, 0], [2, 0, 0, 1, 0, 0, 2, 0, 1])
([1, 0, 1, -1, 0, 1, 1, -1, -1, 0], [1, 0, 0, 1, 0, 0, 0, 0, 1])
([-1, 0, 1, -1, 0, 1, 1, -1, -1, 1], [2, 0, 0, 2, 0, 0, 0, 0, 0])
([1, -1, 1, -1, 0, 1, 1, -1, -1, 1], [0, 0, 0, 1, 0, 0, 0, 0, 0])
([1, 0, 0, 0, 0, 0, 0, 0, 0, 0], [1, 1, 1, 58, 1, 1, 1, 1, 1])
([-1, 0, 0, 0, 1, 0, 0, 0, 0, 0], [3, 3, 23, 0, 6, 2, 8, 6, 2])
([1, 0, 0, 0, 1, 0, 0, 0, -1, 0], [5, 7, 2, 0, 26, 1, 1, 0, 1])
([-1, 0, 1, 0, 1, 0, 0, 0, -1, 0], [3, 0, 7, 0, 1, 1, 2, 0, 1])
([1, 0, 1, -1, 1, 0, 0, 0, -1, 0], [2, 0, 0, 0, 2, 2, 2, 0, 8])
([-1, 0, 1, -1, 1, 0, 0, 0, -1, 1], [1, 0, 0, 0, 5, 1, 1, 0, 0])
([1, 0, 1, -1, 1, 0, 0, -1, -1, 1], [1, 0, 0, 0, 1, 1, 0, 0, 0])
([-1, 0, 1, -1, 1, 1, 0, -1, -1, 1], [2, 0, 0, 0, 0, 2, 0, 0, 0])
([1, -1, 1, -1, 1, 1, 0, -1, -1, 1], [0, 0, 0, 0, 0, 1, 0, 0, 0])
([1, 0, 0, 0, 0, 0, 0, 0, 0, 0], [2, 2, 2, 2, 5, 3, 2, 83, 1])
([-1, 0, 0, 0, 0, 0, 0, 0, 1, 0], [5, 3, 9, 2, 30, 1, 1, 0, 1])
([1, -1, 0, 0, 0, 0, 0, 0, 1, 0], [0, 2, 2, 34, 1, 1, 3, 0, 1])
([-1, -1, 0, 0, 1, 0, 0, 0, 1, 0], [0, 5, 5, 0, 4, 6, 8, 0, 4])
([1, -1, 0, -1, 1, 0, 0, 0, 1, 0], [0, 1, 0, 0, 16, 1, 1, 0, 1])
([-1, -1, 0, -1, 1, 1, 0, 0, 1, 0], [0, 6, 0, 0, 0, 5, 5, 0, 7])
([1, -1, -1, -1, 1, 1, 0, 0, 1, 0], [0, 0, 0, 0, 0, 1, 1, 0, 6])
([1, 0, 0, 0, 0, 0, 0, 0, 0, 0], [1, 1, 1, 1, 1, 1, 25, 1, 1])
([-1, 0, 0, 0, 0, 0, 0, 1, 0, 0], [6, 7, 27, 8, 7, 13, 0, 7, 7])
([1, 0, 0, 0, 0, 0, 0, 1, -1, 0], [3, 3, 28, 1, 1, 1, 0, 0, 1])
([-1, 0, 0, 1, 0, 0, 0, 1, -1, 0], [7, 6, 0, 6, 10, 6, 0, 0, 6])
([1, 0, 0, 1, -1, 0, 0, 1, -1, 0], [1, 1, 0, 0, 8, 1, 0, 0, 1])
([1, 0, 0, 0, 0, 0, 0, 0, 0, 0], [12, 2, 71, 1, 1, 7, 1, 1, 1])
([-1, 0, 0, 1, 0, 0, 0, 0, 0, 0], [5, 7, 0, 5, 3, 3, 5, 9, 3])
([1, 0, -1, 1, 0, 0, 0, 0, 0, 0], [1, 0, 0, 1, 1, 1, 10, 1, 1])
([-1, 0, -1, 1, 0, 0, 0, 1, 0, 0], [2, 0, 0, 3, 1, 1, 0, 1, 1])
([1, 0, -1, 1, 0, 0, 0, 1, 0, -1], [1, 0, 0, 1, 7, 1, 0, 1, 0])
([1, 0, 0, 0, 0, 0, 0, 0, 0, 0], [2, 2, 3, 2, 40, 1, 1, 1, 3])
([-1, 0, 0, 0, 0, 1, 0, 0, 0, 0], [10, 6, 6, 5, 0, 6, 5, 12, 4])
([1, -1, 0, 0, 0, 1, 0, 0, 0, 0], [0, 1, 1, 1, 0, 40, 1, 1, 1])
([-1, -1, 0, 0, 0, 1, 1, 0, 0, 0], [0, 4, 5, 7, 0, 0, 3, 5, 3])
([1, -1, 0, 0, 0, 1, 1, -1, 0, 0], [0, 9, 1, 1, 0, 0, 0, 1, 1])
([-1, -1, 0, 1, 0, 1, 1, -1, 0, 0], [0, 3, 0, 8, 0, 0, 0, 4, 2])
([1, -1, -1, 1, 0, 1, 1, -1, 0, 0], [0, 0, 0, 2, 0, 0, 0, 1, 3])
([-1, -1, -1, 1, 0, 1, 1, -1, 1, 0], [0, 0, 0, 3, 0, 0, 0, 0, 2])
([1, 0, 0, 0, 0, 0, 0, 0, 0, 0], [2, 2, 11, 16, 2, 8, 83, 1, 1])
([-1, 0, 0, 0, 0, 0, 0, 1, 0, 0], [5, 5, 22, 6, 4, 4, 0, 26, 8])
([1, 0, 0, 0, 0, 0, 0, 1, -1, 0], [23, 2, 2, 2, 4, 2, 0, 0, 6])
([-1, 0, 0, 0, 0, 1, 0, 1, -1, 0], [7, 6, 8, 6, 0, 6, 0, 0, 6])
([1, -1, 0, 0, 0, 1, 0, 1, -1, 0], [0, 4, 1, 1, 0, 1, 0, 0, 1])
([-1, -1, 1, 0, 0, 1, 0, 1, -1, 0], [0, 0, 3, 1, 0, 1, 0, 0, 1])
([1, -1, 1, -1, 0, 1, 0, 1, -1, 0], [0, 0, 0, 1, 0, 1, 0, 0, 1])
([1, 0, 0, 0, 0, 0, 0, 0, 0, 0], [3, 5, 2, 5, 91, 1, 1, 1, 1])
([-1, 0, 0, 0, 0, 1, 0, 0, 0, 0], [7, 7, 15, 14, 0, 9, 13, 7, 7])
([1, 0, 0, 0, -1, 1, 0, 0, 0, 0], [1, 1, 1, 0, 0, 1, 13, 1, 1])
([-1, 0, 0, 1, -1, 1, 0, 0, 0, 0], [3, 4, 0, 0, 0, 3, 17, 4, 2])
([1, 0, 0, 1, -1, 1, 0, -1, 0, 0], [2, 13, 0, 0, 0, 2, 0, 2, 2])
([-1, 0, 1, 1, -1, 1, 0, -1, 0, 0], [8, 0, 0, 0, 0, 2, 0, 4, 2])
([1, 0, 1, 1, -1, 1, -1, -1, 0, 0], [5, 0, 0, 0, 0, 0, 0, 1, 1])
([1, 0, 0, 0, 0, 0, 0, 0, 0, 0], [2, 3, 14, 2, 1, 1, 1, 1, 1])
([-1, 0, 0, 1, 0, 0, 0, 0, 0, 0], [2, 4, 0, 1, 1, 1, 1, 2, 1])
([1, 0, 0, 1, 0, 0, 0, -1, 0, 0], [2, 3, 0, 5, 1, 1, 0, 2, 1])
([-1, 0, 0, 1, 0, 0, 0, -1, 1, 0], [5, 3, 0, 7, 14, 7, 0, 0, 8])
([1, 0, 0, 1, 0, 0, 0, -1, 1, -1], [2, 18, 0, 3, 1, 1, 0, 0, 0])
([-1, 0, 0, 1, 0, 1, 0, -1, 1, -1], [4, 3, 0, 2, 0, 2, 0, 0, 0])
([1, -1, 0, 1, 0, 1, 0, -1, 1, -1], [0, 2, 0, 5, 0, 2, 0, 0, 0])
([1, 0, 0, 0, 0, 0, 0, 0, 0, 0], [1, 1, 1, 1, 49, 1, 1, 1, 1])
([-1, 0, 0, 0, 0, 1, 0, 0, 0, 0], [2, 7, 2, 2, 0, 2, 2, 2, 2])
([1, -1, 0, 0, 0, 1, 0, 0, 0, 0], [0, 23, 2, 1, 0, 1, 1, 1, 1])
([-1, -1, 1, 0, 0, 1, 0, 0, 0, 0], [0, 0, 1, 1, 0, 1, 5, 1, 1])
([1, -1, 1, 0, 0, 1, 0, -1, 0, 0], [0, 0, 1, 1, 0, 1, 0, 4, 1])
([-1, -1, 1, 0, 0, 1, 0, -1, 1, 0], [0, 0, 2, 3, 0, 1, 0, 0, 1])
([1, -1, 1, -1, 0, 1, 0, -1, 1, 0], [0, 0, 0, 1, 0, 1, 0, 0, 1])
([-1, -1, 1, -1, 0, 1, 0, -1, 1, 1], [0, 0, 0, 2, 0, 2, 0, 0, 0])
([1, -1, 1, -1, 0, 1, -1, -1, 1, 1], [0, 0, 0, 1, 0, 0, 0, 0, 0])
([1, 0, 0, 0, 0, 0, 0, 0, 0, 0], [3, 54, 3, 1, 1, 1, 1, 1, 1])
([-1, 0, 1, 0, 0, 0, 0, 0, 0, 0], [9, 0, 4, 2, 8, 2, 6, 8, 2])
([1, 0, 1, 0, 0, 0, 0, 0, 0, -1], [3, 0, 64, 1, 1, 1, 1, 1, 0])
([-1, 0, 1, 1, 0, 0, 0, 0, 0, -1], [15, 0, 0, 14, 14, 14, 14, 14, 0])
([1, 0, 1, 1, 0, -1, 0, 0, 0, -1], [1, 0, 0, 15, 0, 1, 1, 1, 0])
([1, 0, 0, 0, 0, 0, 0, 0, 0, 0], [2, 3, 2, 7, 3, 90, 1, 1, 1])
([-1, 0, 0, 0, 0, 0, 1, 0, 0, 0], [7, 8, 1, 2, 1, 0, 1, 1, 1])
([1, 0, -1, 0, 0, 0, 1, 0, 0, 0], [3, 0, 3, 2, 32, 0, 1, 1, 3])
([-1, 0, -1, 0, 0, 1, 1, 0, 0, 0], [3, 0, 3, 2, 0, 0, 2, 2, 2])
([1, 0, -1, 0, 0, 1, 1, 0, -1, 0], [8, 0, 1, 1, 0, 0, 1, 0, 1])
([-1, 1, -1, 0, 0, 1, 1, 0, -1, 0], [0, 0, 4, 4, 0, 0, 4, 0, 3])
([1, 1, -1, -1, 0, 1, 1, 0, -1, 0], [0, 0, 0, 3, 0, 0, 1, 0, 1])
([1, 0, 0, 0, 0, 0, 0, 0, 0, 0], [5, 2, 30, 1, 1, 1, 1, 1, 2])
([-1, 0, 0, 1, 0, 0, 0, 0, 0, 0], [6, 7, 0, 5, 5, 5, 7, 5, 5])
([1, 0, 0, 1, 0, -1, 0, 0, 0, 0], [9, 1, 0, 1, 0, 2, 1, 1, 1])
([-1, 1, 0, 1, 0, -1, 0, 0, 0, 0], [0, 4, 0, 2, 0, 2, 4, 2, 4])
([1, 1, 0, 1, 0, -1, 0, -1, 0, 0], [0, 15, 0, 1, 0, 1, 0, 1, 1])
([1, 0, 0, 0, 0, 0, 0, 0, 0, 0], [1, 65, 1, 1, 1, 1, 1, 1, 1])
([-1, 0, 1, 0, 0, 0, 0, 0, 0, 0], [2, 0, 2, 2, 6, 2, 6, 2, 2])
([1, -1, 1, 0, 0, 0, 0, 0, 0, 0], [0, 0, 51, 1, 2, 1, 1, 1, 1])
([-1, -1, 1, 1, 0, 0, 0, 0, 0, 0], [0, 0, 0, 8, 9, 8, 8, 8, 8])
([1, -1, 1, 1, 0, 0, 0, -1, 0, 0], [0, 0, 0, 15, 2, 1, 0, 1, 1])
([-1, -1, 1, 1, 0, 0, 0, -1, 0, 1], [0, 0, 0, 8, 2, 2, 0, 4, 0])
([1, -1, 1, 1, 0, -1, 0, -1, 0, 1], [0, 0, 0, 5, 0, 1, 0, 1, 0])
([-1, -1, 1, 1, 0, -1, 0, -1, 1, 1], [0, 0, 0, 4, 0, 2, 0, 0, 0])
([1, -1, 1, 1, 0, -1, -1, -1, 1, 1], [0, 0, 0, 3, 0, 0, 0, 0, 0])
([1, 0, 0, 0, 0, 0, 0, 0, 0, 0], [3, 3, 3, 62, 1, 1, 1, 1, 1])
([-1, 0, 0, 0, 1, 0, 0, 0, 0, 0], [3, 6, 8, 0, 3, 6, 3, 3, 4])
([1, 0, 0, 0, 1, 0, 0, -1, 0, 0], [1, 1, 1, 0, 16, 1, 0, 1, 1])
([-1, 0, 0, 0, 1, 1, 0, -1, 0, 0], [7, 7, 6, 0, 0, 6, 0, 6, 6])
([1, 0, 0, 0, 1, 1, -1, -1, 0, 0], [1, 1, 12, 0, 0, 0, 0, 1, 1])
([1, 0, 0, 0, 0, 0, 0, 0, 0, 0], [2, 3, 13, 1, 1, 1, 1, 1, 1])
([-1, 0, 0, 1, 0, 0, 0, 0, 0, 0], [4, 5, 0, 2, 2, 2, 2, 6, 2])
([1, 0, 0, 1, -1, 0, 0, 0, 0, 0], [8, 1, 0, 0, 1, 1, 3, 1, 1])
([-1, 1, 0, 1, -1, 0, 0, 0, 0, 0], [0, 4, 0, 0, 1, 1, 2, 1, 1])
([1, 1, 0, 1, -1, 0, -1, 0, 0, 0], [0, 1, 0, 0, 1, 0, 7, 1, 1])
([-1, 1, 0, 1, -1, 0, -1, 0, 1, 0], [0, 3, 0, 0, 2, 0, 2, 0, 2])
([1, 1, -1, 1, -1, 0, -1, 0, 1, 0], [0, 0, 0, 0, 1, 0, 3, 0, 1])
([-1, 1, -1, 1, -1, 0, -1, 1, 1, 0], [0, 0, 0, 0, 1, 0, 0, 0, 1])
([1, 1, -1, 1, -1, 0, -1, 1, 1, -1], [0, 0, 0, 0, 3, 0, 0, 0, 0])
([1, 0, 0, 0, 0, 0, 0, 0, 0, 0], [2, 2, 46, 3, 1, 1, 1, 1, 1])
([-1, 1, 0, 0, 0, 0, 0, 0, 0, 0], [0, 2, 22, 1, 1, 1, 3, 1, 1])
([1, 1, 0, -1, 0, 0, 0, 0, 0, 0], [0, 2, 0, 2, 2, 3, 2, 37, 1])
([-1, 1, 0, -1, 0, 0, 0, 0, 1, 0], [0, 4, 0, 3, 3, 6, 15, 0, 2])
([1, 1, 0, -1, 0, 0, 0, -1, 1, 0], [0, 1, 0, 1, 8, 1, 0, 0, 1])
([-1, 1, 0, -1, 0, 1, 0, -1, 1, 0], [0, 6, 0, 1, 0, 1, 0, 0, 3])
([1, 1, -1, -1, 0, 1, 0, -1, 1, 0], [0, 0, 0, 4, 0, 2, 0, 0, 2])
([-1, 1, -1, -1, 1, 1, 0, -1, 1, 0], [0, 0, 0, 0, 0, 2, 0, 0, 2])
([1, 1, -1, -1, 1, 1, 0, -1, 1, -1], [0, 0, 0, 0, 0, 1, 0, 0, 0])
([1, 0, 0, 0, 0, 0, 0, 0, 0, 0], [2, 34, 74, 1, 3, 1, 1, 1, 1])
([-1, 0, 0, 1, 0, 0, 0, 0, 0, 0], [4, 7, 0, 4, 7, 5, 13, 9, 4])
([1, 0, 0, 1, 0, -1, 0, 0, 0, 0], [2, 3, 0, 9, 0, 1, 1, 1, 1])
([-1, 0, 0, 1, 1, -1, 0, 0, 0, 0], [2, 4, 0, 0, 0, 2, 2, 2, 2])
([1, -1, 0, 1, 1, -1, 0, 0, 0, 0], [0, 1, 0, 0, 0, 1, 7, 1, 1])
([-1, -1, 0, 1, 1, -1, 1, 0, 0, 0], [0, 4, 0, 0, 0, 0, 3, 3, 3])
([1, -1, 0, 1, 1, -1, 1, -1, 0, 0], [0, 6, 0, 0, 0, 0, 0, 1, 1])
([1, 0, 0, 0, 0, 0, 0, 0, 0, 0], [1, 1, 16, 1, 1, 1, 1, 1, 1])
([-1, 0, 0, 1, 0, 0, 0, 0, 0, 0], [4, 5, 0, 7, 3, 3, 3, 3, 3])
([1, 0, 0, 1, 0, 0, 0, 0, -1, 0], [38, 1, 0, 1, 1, 2, 1, 0, 1])
([-1, 1, 0, 1, 0, 0, 0, 0, -1, 0], [0, 3, 0, 1, 5, 1, 1, 0, 1])
([1, 1, 0, 1, 0, 0, -1, 0, -1, 0], [0, 1, 0, 1, 1, 0, 20, 0, 1])
([-1, 1, 0, 1, 0, 0, -1, 1, -1, 0], [0, 4, 0, 3, 3, 0, 0, 0, 2])
([1, 1, -1, 1, 0, 0, -1, 1, -1, 0], [0, 0, 0, 1, 6, 0, 0, 0, 1])
([1, 0, 0, 0, 0, 0, 0, 0, 0, 0], [1, 1, 31, 1, 1, 1, 1, 1, 1])
([-1, 0, 0, 0, 0, 1, 0, 0, 0, 0], [16, 7, 9, 7, 0, 11, 11, 16, 9])
([1, 0, 0, 0, 0, 1, -1, 0, 0, 0], [2, 2, 2, 12, 0, 0, 1, 1, 1])
([-1, 0, 0, 0, 1, 1, -1, 0, 0, 0], [3, 3, 3, 0, 0, 0, 3, 7, 3])
([1, 0, 0, -1, 1, 1, -1, 0, 0, 0], [1, 1, 0, 0, 0, 0, 1, 1, 8])
([-1, 0, 0, -1, 1, 1, -1, 0, 0, 1], [3, 3, 0, 0, 0, 0, 2, 2, 0])
([1, -1, 0, -1, 1, 1, -1, 0, 0, 1], [0, 1, 0, 0, 0, 0, 6, 1, 0])
([-1, -1, 0, -1, 1, 1, -1, 1, 0, 1], [0, 3, 0, 0, 0, 0, 0, 3, 0])
([1, 0, 0, 0, 0, 0, 0, 0, 0, 0], [2, 40, 1, 1, 1, 1, 1, 1, 1])
([-1, 0, 1, 0, 0, 0, 0, 0, 0, 0], [2, 0, 2, 2, 7, 2, 6, 2, 2])
([1, 0, 1, 0, 0, 0, 0, 0, 0, -1], [32, 0, 1, 1, 1, 1, 3, 1, 0])
([-1, 1, 1, 0, 0, 0, 0, 0, 0, -1], [0, 0, 20, 3, 2, 2, 3, 2, 0])
([1, 1, 1, -1, 0, 0, 0, 0, 0, -1], [0, 0, 0, 3, 2, 2, 2, 4, 0])
([-1, 1, 1, -1, 0, 0, 0, 0, 1, -1], [0, 0, 0, 2, 5, 1, 2, 0, 0])
([1, 1, 1, -1, -1, 0, 0, 0, 1, -1], [0, 0, 0, 0, 2, 4, 2, 0, 0])
([-1, 1, 1, -1, -1, 1, 0, 0, 1, -1], [0, 0, 0, 0, 0, 3, 1, 0, 0])
([1, 1, 1, -1, -1, 1, 0, -1, 1, -1], [0, 0, 0, 0, 0, 1, 0, 0, 0])
([1, 0, 0, 0, 0, 0, 0, 0, 0, 0], [3, 7, 3, 2, 2, 8, 45, 1, 2])
([-1, 0, 0, 0, 0, 0, 0, 1, 0, 0], [4, 4, 4, 4, 10, 9, 0, 3, 3])
([1, 0, 0, 0, 0, -1, 0, 1, 0, 0], [2, 2, 5, 1, 0, 1, 0, 1, 1])
([-1, 1, 0, 0, 0, -1, 0, 1, 0, 0], [0, 2, 4, 2, 0, 13, 0, 2, 2])
([1, 1, 0, 0, 0, -1, -1, 1, 0, 0], [0, 1, 7, 1, 0, 0, 0, 1, 1])
([-1, 1, 0, 1, 0, -1, -1, 1, 0, 0], [0, 4, 0, 2, 0, 0, 0, 2, 2])
([1, 1, -1, 1, 0, -1, -1, 1, 0, 0], [0, 0, 0, 1, 0, 0, 0, 3, 1])
([-1, 1, -1, 1, 0, -1, -1, 1, 1, 0], [0, 0, 0, 1, 0, 0, 0, 0, 1])
([1, 0, 0, 0, 0, 0, 0, 0, 0, 0], [2, 3, 11, 1, 1, 1, 3, 1, 1])
([-1, 0, 0, 0, 0, 0, 0, 1, 0, 0], [5, 6, 8, 5, 8, 7, 0, 6, 4])
([1, -1, 0, 0, 0, 0, 0, 1, 0, 0], [0, 1, 1, 1, 1, 1, 0, 33, 1])
([-1, -1, 0, 0, 0, 0, 0, 1, 1, 0], [0, 6, 8, 6, 6, 7, 0, 0, 6])
([1, -1, 0, 0, -1, 0, 0, 1, 1, 0], [0, 1, 1, 0, 1, 7, 0, 0, 1])
([1, 0, 0, 0, 0, 0, 0, 0, 0, 0], [2, 3, 36, 3, 1, 1, 1, 1, 1])
([-1, 0, 0, 1, 0, 0, 0, 0, 0, 0], [7, 8, 0, 8, 5, 5, 5, 5, 5])
([1, -1, 0, 1, 0, 0, 0, 0, 0, 0], [0, 83, 0, 1, 1, 1, 1, 1, 2])
([-1, -1, 1, 1, 0, 0, 0, 0, 0, 0], [0, 0, 0, 13, 15, 19, 15, 13, 15])
([1, -1, 1, 1, 0, 0, 0, 0, -1, 0], [0, 0, 0, 17, 2, 1, 1, 0, 1])
([1, 0, 0, 0, 0, 0, 0, 0, 0, 0], [12, 2, 3, 36, 1, 1, 1, 1, 1])
([-1, 0, 0, 0, 1, 0, 0, 0, 0, 0], [2, 5, 3, 0, 7, 2, 2, 2, 2])
([1, 0, 0, -1, 1, 0, 0, 0, 0, 0], [1, 1, 0, 0, 11, 1, 1, 1, 1])
([-1, 0, 0, -1, 1, 1, 0, 0, 0, 0], [6, 6, 0, 0, 0, 11, 6, 6, 8])
([1, 0, 0, -1, 1, 1, 0, 0, -1, 0], [8, 1, 0, 0, 0, 1, 1, 0, 2])
([-1, 1, 0, -1, 1, 1, 0, 0, -1, 0], [0, 3, 0, 0, 0, 2, 2, 0, 2])
([1, 1, 0, -1, 1, 1, 0, -1, -1, 0], [0, 1, 0, 0, 0, 4, 0, 0, 1])
([-1, 1, 0, -1, 1, 1, 0, -1, -1, 1], [0, 2, 0, 0, 0, 3, 0, 0, 0])
([1, 0, 0, 0, 0, 0, 0, 0, 0, 0], [3, 40, 1, 1, 1, 1, 1, 1, 2])
([-1, 0, 0, 0, 0, 0, 1, 0, 0, 0], [2, 2, 5, 2, 2, 0, 21, 2, 2])
([1, 0, 0, 0, 0, 0, 1, -1, 0, 0], [2, 7, 3, 19, 1, 0, 0, 1, 1])
([-1, 0, 0, 0, 1, 0, 1, -1, 0, 0], [2, 3, 1, 0, 9, 0, 0, 1, 1])
([1, -1, 0, 0, 1, 0, 1, -1, 0, 0], [0, 4, 1, 0, 1, 0, 0, 1, 1])
([-1, -1, 1, 0, 1, 0, 1, -1, 0, 0], [0, 0, 3, 0, 2, 0, 0, 2, 2])
([1, -1, 1, -1, 1, 0, 1, -1, 0, 0], [0, 0, 0, 0, 1, 0, 0, 1, 1])
([-1, -1, 1, -1, 1, 0, 1, -1, 0, 1], [0, 0, 0, 0, 3, 0, 0, 1, 0])
([1, 0, 0, 0, 0, 0, 0, 0, 0, 0], [1, 1, 1, 1, 1, 1, 1, 111, 1])
([-1, 0, 0, 0, 0, 0, 0, 0, 1, 0], [10, 5, 3, 3, 5, 3, 37, 0, 5])
([1, 0, 0, 0, 0, 0, 0, -1, 1, 0], [2, 3, 3, 2, 8, 1, 0, 0, 1])
([-1, 0, 0, 0, 1, 0, 0, -1, 1, 0], [2, 2, 2, 0, 9, 1, 0, 0, 1])
([1, 0, 0, -1, 1, 0, 0, -1, 1, 0], [3, 1, 0, 0, 1, 2, 0, 0, 1])
([-1, 1, 0, -1, 1, 0, 0, -1, 1, 0], [0, 1, 0, 0, 6, 1, 0, 0, 1])
([1, 0, 0, 0, 0, 0, 0, 0, 0, 0], [7, 3, 2, 2, 26, 1, 1, 1, 1])
([-1, 0, 0, 0, 0, 1, 0, 0, 0, 0], [4, 4, 6, 4, 0, 8, 4, 15, 4])
([1, 0, 0, 0, 0, 1, 0, -1, 0, 0], [2, 3, 3, 20, 0, 1, 0, 1, 2])
([-1, 1, 0, 0, 0, 1, 0, -1, 0, 0], [0, 6, 1, 1, 0, 1, 0, 1, 1])
([1, 1, 0, -1, 0, 1, 0, -1, 0, 0], [0, 1, 0, 4, 0, 1, 0, 1, 1])
([-1, 1, 0, -1, 0, 1, 0, -1, 1, 0], [0, 6, 0, 3, 0, 1, 0, 0, 1])
([1, 1, 0, -1, -1, 1, 0, -1, 1, 0], [0, 2, 0, 0, 0, 2, 0, 0, 6])
([-1, 1, 0, -1, -1, 1, 1, -1, 1, 0], [0, 4, 0, 0, 0, 0, 0, 0, 2])
([1, 1, 0, -1, -1, 1, 1, -1, 1, -1], [0, 3, 0, 0, 0, 0, 0, 0, 0])
([1, 0, 0, 0, 0, 0, 0, 0, 0, 0], [18, 3, 3, 7, 2, 24, 3, 1, 1])
([-1, 1, 0, 0, 0, 0, 0, 0, 0, 0], [0, 2, 2, 3, 3, 2, 7, 1, 2])
([1, 1, 0, 0, 0, -1, 0, 0, 0, 0], [0, 2, 10, 1, 0, 1, 1, 1, 1])
([-1, 1, 0, 0, 0, -1, 0, 0, 0, 1], [0, 19, 2, 2, 0, 2, 2, 2, 0])
([1, 1, -1, 0, 0, -1, 0, 0, 0, 1], [0, 0, 8, 2, 0, 2, 2, 2, 0])
([-1, 1, -1, 0, 0, -1, 0, 0, 1, 1], [0, 0, 1, 1, 0, 1, 7, 0, 0])
([1, 0, 0, 0, 0, 0, 0, 0, 0, 0], [2, 3, 2, 2, 81, 1, 1, 1, 1])
([-1, 0, 0, 0, 0, 1, 0, 0, 0, 0], [7, 17, 6, 6, 0, 6, 7, 5, 13])
([1, 0, -1, 0, 0, 1, 0, 0, 0, 0], [1, 0, 1, 1, 0, 36, 1, 1, 1])
([-1, 0, -1, 0, 0, 1, 1, 0, 0, 0], [7, 0, 5, 5, 0, 0, 11, 5, 5])
([1, 0, -1, 0, 0, 1, 1, -1, 0, 0], [1, 0, 1, 7, 0, 0, 0, 1, 1])
([1, 0, 0, 0, 0, 0, 0, 0, 0, 0], [2, 2, 2, 2, 2, 7, 3, 18, 1])
([-1, 0, 0, 1, 0, 0, 0, 0, 0, 0], [3, 3, 0, 3, 5, 5, 8, 3, 3])
([1, 0, 0, 1, 0, 0, 0, 0, 0, -1], [12, 1, 0, 1, 1, 1, 1, 1, 0])
([-1, 1, 0, 1, 0, 0, 0, 0, 0, -1], [0, 3, 0, 1, 1, 1, 3, 1, 0])
([1, 1, 0, 1, 0, 0, 0, -1, 0, -1], [0, 1, 0, 7, 1, 1, 0, 1, 0])
([-1, 1, 0, 1, 0, 0, 1, -1, 0, -1], [0, 3, 0, 2, 1, 0, 0, 1, 0])
([1, 1, 0, 1, 0, -1, 1, -1, 0, -1], [0, 6, 0, 1, 0, 0, 0, 1, 0])
([1, 0, 0, 0, 0, 0, 0, 0, 0, 0], [5, 3, 23, 1, 1, 1, 1, 1, 1])
([-1, 0, 0, 1, 0, 0, 0, 0, 0, 0], [5, 5, 0, 4, 5, 4, 7, 4, 5])
([1, 0, 0, 1, 0, 0, 0, -1, 0, 0], [1, 40, 0, 1, 1, 1, 0, 1, 1])
([-1, 0, 1, 1, 0, 0, 0, -1, 0, 0], [18, 0, 0, 18, 17, 17, 0, 17, 17])
([1, 0, 1, 1, 0, -1, 0, -1, 0, 0], [1, 0, 0, 20, 0, 1, 0, 1, 1])
