([-1, 0, 0, 1, 1, 0, -1, 0, -1, 0], [3, 3, 0, 0, 8, 0, 2, 0, 2])
([1, 0, 0, 1, 1, 0, -1, 0, -1, -1], [1, 1, 0, 0, 1, 0, 8, 0, 0])
([-1, 0, 0, 1, 1, 0, -1, 1, -1, -1], [2, 2, 0, 0, 6, 0, 0, 0, 0])
([1, -1, 0, 1, 1, 0, -1, 1, -1, -1], [0, 2, 0, 0, 4, 0, 0, 0, 0])
([-1, 0, 0, 0, 0, 0, 0, 0, 0, 0], [2, 2, 2, 2, 2, 7, 43, 1, 1])
([1, 0, 0, 0, 0, 0, 0, -1, 0, 0], [5, 3, 3, 18, 5, 3, 0, 3, 3])
([-1, 0, 0, 0, 1, 0, 0, -1, 0, 0], [5, 5, 2, 0, 10, 1, 0, 2, 1])
([1, 0, 0, 0, 1, -1, 0, -1, 0, 0], [3, 3, 17, 0, 0, 2, 0, 2, 4])
([-1, 0, 0, 0, 1, -1, 0, -1, 0, 1], [6, 1, 1, 0, 0, 1, 0, 7, 0])
([1, 0, 0, 0, 1, -1, 0, -1, -1, 1], [3, 3, 6, 0, 0, 2, 0, 0, 0])
([-1, 1, 0, 0, 1, -1, 0, -1, -1, 1], [0, 3, 1, 0, 0, 1, 0, 0, 0])
([1, 0, 0, 0, 0, 0, 0, 0, 0, 0], [2, 2, 2, 17, 1, 1, 1, 1, 1])
([-1, 1, 0, 0, 0, 0, 0, 0, 0, 0], [0, 30, 55, 3, 4, 3, 14, 3, 4])
([1, 1, 0, -1, 0, 0, 0, 0, 0, 0], [0, 2, 0, 2, 3, 3, 20, 1, 1])
([-1, 1, 0, -1, 0, 0, 1, 0, 0, 0], [0, 3, 0, 3, 5, 0, 2, 2, 2])
([1, 1, 0, -1, 0, -1, 1, 0, 0, 0], [0, 1, 0, 1, 0, 0, 3, 1, 1])
([-1, 1, 0, -1, 0, -1, 1, 0, 0, 1], [0, 2, 0, 2, 0, 0, 7, 2, 0])
([1, 1, 0, -1, -1, -1, 1, 0, 0, 1], [0, 3, 0, 0, 0, 0, 2, 1, 0])
([-1, 1, 0, -1, -1, -1, 1, 1, 0, 1], [0, 1, 0, 0, 0, 0, 0, 1, 0])
([1, 1, -1, -1, -1, -1, 1, 1, 0, 1], [0, 0, 0, 0, 0, 0, 0, 3, 0])
([1, 0, 0, 0, 0, 0, 0, 0, 0, 0], [2, 2, 2, 2, 3, 16, 1, 1, 1])
([-1, 0, 0, 0, 0, 0, 1, 0, 0, 0], [9, 3, 3, 5, 24, 0, 17, 3, 3])
([1, 0, 0, 0, 0, -1, 1, 0, 0, 0], [2, 7, 2, 12, 0, 0, 1, 1, 1])
([-1, 0, 0, 0, 0, -1, 1, 0, 1, 0], [5, 1, 3, 1, 0, 0, 1, 0, 1])
([1, 0, 0, -1, 0, -1, 1, 0, 1, 0], [1, 1, 0, 1, 0, 0, 3, 0, 1])
([-1, 0, 0, -1, 1, -1, 1, 0, 1, 0], [2, 2, 0, 0, 0, 0, 7, 0, 2])
([1, 0, 0, 0, 0, 0, 0, 0, 0, 0], [1, 1, 1, 15, 1, 1, 1, 1, 1])
([-1, 0, 0, 0, 1, 0, 0, 0, 0, 0], [4, 5, 9, 0, 17, 5, 3, 3, 3])
([1, -1, 0, 0, 1, 0, 0, 0, 0, 0], [0, 1, 1, 0, 1, 1, 37, 1, 1])
([-1, -1, 0, 0, 1, 0, 0, 0, 1, 0], [0, 4, 8, 0, 11, 4, 4, 0, 4])
([1, -1, 0, 0, 1, 0, 0, 0, 1, -1], [0, 1, 1, 0, 1, 1, 13, 0, 0])
([-1, -1, 0, 0, 1, 0, 0, 1, 1, -1], [0, 3, 3, 0, 3, 2, 0, 0, 0])
([1, -1, 0, 0, 1, 0, -1, 1, 1, -1], [0, 1, 1, 0, 6, 0, 0, 0, 0])
([-1, -1, 0, 0, 1, 1, -1, 1, 1, -1], [0, 2, 4, 0, 0, 0, 0, 0, 0])
([1, 0, 0, 0, 0, 0, 0, 0, 0, 0], [1, 36, 1, 1, 1, 1, 1, 1, 1])
([-1, 0, 1, 0, 0, 0, 0, 0, 0, 0], [9, 0, 11, 10, 10, 5, 7, 5, 7])
([1, 0, 1, 0, -1, 0, 0, 0, 0, 0], [1, 0, 1, 0, 27, 1, 1, 1, 1])
([-1, 0, 1, 0, -1, 1, 0, 0, 0, 0], [2, 0, 10, 0, 0, 1, 2, 1, 1])
([1, 0, 1, 0, -1, 1, 0, -1, 0, 0], [4, 0, 1, 0, 0, 1, 0, 1, 1])
([-1, 0, 1, 1, -1, 1, 0, -1, 0, 0], [9, 0, 0, 0, 0, 2, 0, 2, 2])
([1, 0, 0, 0, 0, 0, 0, 0, 0, 0], [1, 1, 1, 1, 34, 1, 1, 1, 1])
([-1, 0, 0, 0, 0, 1, 0, 0, 0, 0], [11, 9, 13, 9, 0, 15, 9, 9, 9])
([1, 0, 0, 0, 0, 1, 0, 0, -1, 0], [1, 1, 1, 1, 0, 1, 29, 0, 1])
([-1, 0, 0, 0, 0, 1, 0, 1, -1, 0], [4, 3, 3, 3, 0, 3, 0, 0, 3])
([1, -1, 0, 0, 0, 1, 0, 1, -1, 0], [0, 1, 1, 1, 0, 1, 0, 0, 15])
([-1, -1, 0, 0, 0, 1, 0, 1, -1, 1], [0, 4, 4, 4, 0, 8, 0, 0, 0])
([1, -1, 0, 0, 0, 1, -1, 1, -1, 1], [0, 4, 1, 1, 0, 0, 0, 0, 0])
([-1, 0, 0, 0, 0, 0, 0, 0, 0, 0], [7, 2, 2, 9, 2, 48, 1, 1, 1])
([1, 0, 0, 0, 0, 0, -1, 0, 0, 0], [2, 2, 11, 3, 7, 0, 13, 3, 2])
([-1, 0, 0, 0, 0, 0, -1, 1, 0, 0], [2, 2, 34, 1, 3, 0, 0, 1, 1])
([1, 0, 0, -1, 0, 0, -1, 1, 0, 0], [8, 8, 0, 8, 7, 0, 0, 15, 15])
([-1, 0, 0, -1, 0, 0, -1, 1, 0, 1], [2, 2, 0, 2, 2, 0, 0, 10, 0])
([1, 0, 0, -1, -1, 0, -1, 1, 0, 1], [1, 1, 0, 0, 1, 0, 0, 6, 0])
([-1, 0, 0, 0, 0, 0, 0, 0, 0, 0], [11, 7, 2, 2, 45, 1, 1, 1, 1])
([1, 0, -1, 0, 0, 0, 0, 0, 0, 0], [5, 0, 2, 2, 3, 2, 43, 3, 3])
([-1, 0, -1, 0, 0, 0, 0, 1, 0, 0], [12, 0, 7, 5, 5, 20, 0, 9, 5])
([1, 0, -1, 0, 0, 0, -1, 1, 0, 0], [2, 0, 5, 1, 3, 0, 0, 1, 1])
([-1, 0, -1, 1, 0, 0, -1, 1, 0, 0], [2, 0, 0, 2, 3, 0, 0, 1, 1])
([1, 0, -1, 1, 0, -1, -1, 1, 0, 0], [2, 0, 0, 2, 0, 0, 0, 1, 1])
([-1, 0, -1, 1, 1, -1, -1, 1, 0, 0], [1, 0, 0, 0, 0, 0, 0, 1, 1])
([-1, 0, 0, 0, 0, 0, 0, 0, 0, 0], [3, 2, 2, 2, 3, 18, 52, 1, 1])
([1, 0, 0, 0, 0, 0, 0, -1, 0, 0], [2, 2, 3, 23, 3, 2, 0, 2, 2])
([-1, 0, 0, 0, 1, 0, 0, -1, 0, 0], [4, 2, 2, 0, 3, 2, 0, 2, 7])
([1, 0, 0, 0, 1, -1, 0, -1, 0, 0], [3, 4, 2, 0, 0, 2, 0, 2, 2])
([-1, 0, 0, 0, 1, -1, 0, -1, 1, 0], [6, 1, 1, 0, 0, 1, 0, 0, 7])
([1, 0, 0, 0, 1, -1, 0, -1, 1, -1], [3, 2, 2, 0, 0, 2, 0, 0, 0])
([-1, 1, 0, 0, 1, -1, 0, -1, 1, -1], [0, 3, 1, 0, 0, 1, 0, 0, 0])
([1, 0, 0, 0, 0, 0, 0, 0, 0, 0], [1, 1, 1, 1, 1, 1, 98, 1, 1])
([-1, 0, 0, 0, 0, 0, 0, 1, 0, 0], [8, 8, 8, 8, 14, 13, 0, 15, 12])
([1, 0, 0, 0, -1, 0, 0, 1, 0, 0], [1, 1, 1, 0, 1, 1, 0, 10, 1])
([-1, 0, 0, 0, -1, 0, 0, 1, 0, 1], [8, 7, 7, 0, 7, 6, 0, 6, 0])
([1, 0, -1, 0, -1, 0, 0, 1, 0, 1], [1, 0, 1, 0, 1, 1, 0, 7, 0])
([1, 0, 0, 0, 0, 0, 0, 0, 0, 0], [1, 1, 29, 1, 1, 1, 1, 1, 1])
([-1, 0, 0, 0, 0, 0, 0, 0, 0, 1], [3, 2, 11, 2, 2, 2, 50, 1, 0])
([1, 0, 0, 0, 0, 0, 0, -1, 0, 1], [3, 2, 3, 3, 35, 1, 0, 1, 0])
([-1, 0, 0, 0, 0, 1, 0, -1, 0, 1], [2, 2, 2, 10, 0, 3, 0, 2, 0])
([1, 0, 0, 0, -1, 1, 0, -1, 0, 1], [2, 2, 2, 0, 0, 2, 0, 13, 0])
([-1, 0, 0, 0, -1, 1, 0, -1, 1, 1], [9, 2, 2, 0, 0, 2, 0, 0, 0])
([-1, 0, 0, 0, 0, 0, 0, 0, 0, 0], [2, 7, 2, 2, 3, 2, 28, 1, 1])
([1, 0, 0, 0, 0, 0, 0, -1, 0, 0], [2, 2, 2, 6, 4, 2, 0, 2, 2])
([-1, 0, 0, 0, 0, 1, 0, -1, 0, 0], [1, 1, 1, 37, 0, 1, 0, 1, 1])
([1, 0, 0, -1, 0, 1, 0, -1, 0, 0], [4, 3, 0, 2, 0, 6, 0, 2, 2])
([-1, 0, 0, -1, 0, 1, 0, -1, 0, 1], [6, 3, 0, 1, 0, 1, 0, 1, 0])
([1, -1, 0, -1, 0, 1, 0, -1, 0, 1], [0, 4, 0, 7, 0, 5, 0, 3, 0])
([-1, -1, 0, -1, 1, 1, 0, -1, 0, 1], [0, 2, 0, 0, 0, 2, 0, 6, 0])
([1, -1, 0, -1, 1, 1, -1, -1, 0, 1], [0, 2, 0, 0, 0, 0, 0, 4, 0])
([-1, 0, 0, 0, 0, 0, 0, 0, 0, 0], [1, 1, 1, 1, 1, 1, 32, 1, 1])
([1, 0, 0, 0, 0, 0, 0, 0, -1, 0], [3, 3, 53, 4, 16, 4, 3, 0, 3])
([-1, 0, 0, 1, 0, 0, 0, 0, -1, 0], [4, 4, 0, 3, 25, 2, 6, 0, 4])
([1, 0, 0, 1, 0, -1, 0, 0, -1, 0], [2, 2, 0, 8, 0, 1, 1, 0, 1])
([-1, 0, 0, 1, 1, -1, 0, 0, -1, 0], [2, 4, 0, 0, 0, 2, 2, 0, 2])
([1, 0, 0, 1, 1, -1, -1, 0, -1, 0], [3, 2, 0, 0, 0, 0, 6, 0, 1])
([-1, 0, 0, 0, 0, 0, 0, 0, 0, 0], [5, 2, 3, 3, 2, 2, 51, 1, 1])
([1, 0, 0, 0, 0, 0, 0, -1, 0, 0], [12, 10, 10, 18, 15, 11, 0, 13, 10])
([-1, 0, 0, 0, 0, 1, 0, -1, 0, 0], [1, 1, 1, 37, 0, 1, 0, 1, 1])
([1, 0, 0, 0, -1, 1, 0, -1, 0, 0], [7, 6, 6, 0, 0, 6, 0, 6, 6])
([-1, 0, 1, 0, -1, 1, 0, -1, 0, 0], [9, 0, 1, 0, 0, 1, 0, 1, 1])
([-1, 0, 0, 0, 0, 0, 0, 0, 0, 0], [3, 2, 2, 2, 2, 95, 1, 1, 1])
([1, 0, 0, 0, 0, 0, -1, 0, 0, 0], [5, 7, 13, 30, 11, 0, 12, 26, 20])
([-1, 0, 0, 1, 0, 0, -1, 0, 0, 0], [3, 5, 0, 4, 6, 0, 2, 2, 2])
([1, 0, 0, 1, 0, -1, -1, 0, 0, 0], [2, 2, 0, 8, 0, 0, 3, 1, 1])
([-1, 0, 0, 1, 0, -1, -1, 1, 0, 0], [1, 1, 0, 8, 0, 0, 0, 1, 1])
([1, 0, 0, 1, -1, -1, -1, 1, 0, 0], [2, 2, 0, 0, 0, 0, 0, 2, 2])
([-1, 0, 0, 1, -1, -1, -1, 1, 0, 1], [1, 1, 0, 0, 0, 0, 0, 1, 0])
([1, 0, 0, 1, -1, -1, -1, 1, -1, 1], [2, 2, 0, 0, 0, 0, 0, 0, 0])
([-1, 1, 0, 1, -1, -1, -1, 1, -1, 1], [0, 1, 0, 0, 0, 0, 0, 0, 0])
([-1, 0, 0, 0, 0, 0, 0, 0, 0, 0], [2, 2, 110, 1, 1, 1, 1, 1, 1])
([1, 0, 0, -1, 0, 0, 0, 0, 0, 0], [4, 6, 0, 6, 11, 10, 15, 15, 9])
([-1, 0, 0, -1, 0, 0, 1, 0, 0, 0], [2, 2, 0, 3, 13, 0, 1, 1, 2])
([1, 0, 0, -1, 0, -1, 1, 0, 0, 0], [1, 1, 0, 1, 0, 0, 3, 1, 1])
([-1, 0, 0, -1, 0, -1, 1, 1, 0, 0], [1, 1, 0, 1, 0, 0, 0, 1, 1])
([1, 0, 0, -1, -1, -1, 1, 1, 0, 0], [2, 2, 0, 0, 0, 0, 0, 1, 1])
([-1, 0, 1, -1, -1, -1, 1, 1, 0, 0], [1, 0, 0, 0, 0, 0, 0, 1, 1])
([1, 0, 1, -1, -1, -1, 1, 1, 0, -1], [2, 0, 0, 0, 0, 0, 0, 2, 0])
([-1, 1, 1, -1, -1, -1, 1, 1, 0, -1], [0, 0, 0, 0, 0, 0, 0, 1, 0])
([1, 0, 0, 0, 0, 0, 0, 0, 0, 0], [3, 2, 68, 1, 1, 1, 1, 1, 1])
([-1, 0, 0, 1, 0, 0, 0, 0, 0, 0], [7, 7, 0, 7, 7, 7, 11, 14, 7])
([1, 0, 0, 1, 0, 0, 0, 0, 0, -1], [1, 1, 0, 1, 40, 1, 1, 1, 0])
([-1, 0, 0, 1, 0, 1, 0, 0, 0, -1], [4, 4, 0, 3, 0, 3, 3, 3, 0])
([1, 0, 0, 1, -1, 1, 0, 0, 0, -1], [7, 1, 0, 0, 0, 1, 1, 1, 0])
([-1, 1, 0, 1, -1, 1, 0, 0, 0, -1], [0, 3, 0, 0, 0, 2, 2, 2, 0])
([1, 1, -1, 1, -1, 1, 0, 0, 0, -1], [0, 0, 0, 0, 0, 2, 2, 1, 0])
([-1, 0, 0, 0, 0, 0, 0, 0, 0, 0], [1, 1, 1, 1, 31, 1, 1, 1, 1])
([1, 0, 0, 0, 0, 0, 0, 0, -1, 0], [1, 1, 1, 1, 20, 1, 1, 0, 1])
([-1, 0, 0, 0, 0, 1, 0, 0, -1, 0], [30, 3, 2, 11, 0, 3, 2, 0, 2])
([1, -1, 0, 0, 0, 1, 0, 0, -1, 0], [0, 2, 3, 2, 0, 21, 2, 0, 9])
([-1, -1, 1, 0, 0, 1, 0, 0, -1, 0], [0, 0, 2, 1, 0, 1, 1, 0, 2])
([1, -1, 1, 0, 0, 1, 0, 0, -1, -1], [0, 0, 2, 2, 0, 5, 2, 0, 0])
([-1, -1, 1, 0, 0, 1, 1, 0, -1, -1], [0, 0, 2, 1, 0, 0, 3, 0, 0])
([1, -1, 1, -1, 0, 1, 1, 0, -1, -1], [0, 0, 0, 1, 0, 0, 1, 0, 0])
([1, 0, 0, 0, 0, 0, 0, 0, 0, 0], [1, 1, 18, 1, 1, 1, 1, 1, 1])
([-1, 0, 0, 1, 0, 0, 0, 0, 0, 0], [8, 15, 0, 6, 10, 6, 12, 6, 8])
([1, 0, 0, 1, 0, -1, 0, 0, 0, 0], [10, 1, 0, 1, 0, 1, 2, 1, 1])
([-1, 0, 0, 1, 0, -1, 1, 0, 0, 0], [2, 2, 0, 4, 0, 0, 1, 1, 1])
([1, 0, -1, 1, 0, -1, 1, 0, 0, 0], [1, 0, 0, 1, 0, 0, 3, 1, 1])
([-1, 1, -1, 1, 0, -1, 1, 0, 0, 0], [0, 0, 0, 1, 0, 0, 1, 1, 4])
([1, 1, -1, 1, 0, -1, 1, 0, 0, -1], [0, 0, 0, 1, 0, 0, 3, 1, 0])
([-1, 1, -1, 1, 0, -1, 1, 0, 1, -1], [0, 0, 0, 2, 0, 0, 4, 0, 0])
([1, 0, 0, 0, 0, 0, 0, 0, 0, 0], [3, 2, 7, 25, 1, 1, 1, 1, 1])
([-1, 1, 0, 0, 0, 0, 0, 0, 0, 0], [0, 29, 1, 1, 2, 1, 1, 1, 1])
([1, 1, -1, 0, 0, 0, 0, 0, 0, 0], [0, 0, 4, 4, 9, 5, 2, 2, 3])
([-1, 1, -1, 0, 0, 1, 0, 0, 0, 0], [0, 0, 5, 3, 0, 3, 5, 4, 3])
([1, 1, -1, 0, 0, 1, -1, 0, 0, 0], [0, 0, 7, 2, 0, 0, 1, 1, 1])
([-1, 1, -1, 1, 0, 1, -1, 0, 0, 0], [0, 0, 0, 3, 0, 0, 3, 2, 2])
([1, 1, -1, 1, -1, 1, -1, 0, 0, 0], [0, 0, 0, 0, 0, 0, 2, 2, 1])
([-1, 1, -1, 1, -1, 1, -1, 0, 1, 0], [0, 0, 0, 0, 0, 0, 4, 0, 2])
([-1, 0, 0, 0, 0, 0, 0, 0, 0, 0], [76, 2, 1, 1, 1, 1, 1, 1, 1])
([1, -1, 0, 0, 0, 0, 0, 0, 0, 0], [0, 5, 30, 3, 3, 3, 14, 6, 3])
([-1, -1, 0, 1, 0, 0, 0, 0, 0, 0], [0, 2, 0, 21, 1, 1, 1, 1, 1])
([1, -1, 0, 1, -1, 0, 0, 0, 0, 0], [0, 3, 0, 0, 6, 3, 33, 4, 3])
([-1, -1, 0, 1, -1, 0, 0, 1, 0, 0], [0, 1, 0, 0, 5, 1, 0, 1, 1])
([1, -1, 0, 1, -1, -1, 0, 1, 0, 0], [0, 2, 0, 0, 0, 2, 0, 1, 2])
([-1, -1, 0, 1, -1, -1, 1, 1, 0, 0], [0, 1, 0, 0, 0, 0, 0, 1, 1])
([-1, 0, 0, 0, 0, 0, 0, 0, 0, 0], [3, 5, 2, 5, 35, 3, 1, 1, 1])
([1, 0, 0, 0, 0, -1, 0, 0, 0, 0], [6, 6, 10, 4, 0, 4, 6, 6, 8])
([-1, 0, 0, 1, 0, -1, 0, 0, 0, 0], [1, 5, 0, 1, 0, 1, 1, 1, 1])
([1, 0, -1, 1, 0, -1, 0, 0, 0, 0], [2, 0, 0, 2, 0, 1, 2, 1, 1])
([-1, 0, -1, 1, 1, -1, 0, 0, 0, 0], [1, 0, 0, 0, 0, 1, 1, 1, 1])
([1, 0, -1, 1, 1, -1, 0, 0, 0, -1], [1, 0, 0, 0, 0, 1, 3, 1, 0])
([-1, 0, -1, 1, 1, -1, 0, 1, 0, -1], [1, 0, 0, 0, 0, 1, 0, 1, 0])
([1, 0, 0, 0, 0, 0, 0, 0, 0, 0], [2, 53, 1, 1, 1, 1, 1, 1, 1])
([-1, 0, 1, 0, 0, 0, 0, 0, 0, 0], [3, 0, 3, 3, 3, 3, 13, 2, 2])
([1, 0, 1, 0, 0, -1, 0, 0, 0, 0], [1, 0, 47, 1, 0, 1, 1, 1, 1])
([-1, 0, 1, 1, 0, -1, 0, 0, 0, 0], [15, 0, 0, 15, 0, 14, 14, 16, 14])
([1, 0, 1, 1, 0, -1, 0, -1, 0, 0], [16, 0, 0, 1, 0, 1, 0, 1, 1])
([-1, 0, 0, 0, 0, 0, 0, 0, 0, 0], [1, 1, 1, 1, 18, 1, 1, 1, 1])
([1, 0, 0, 0, 0, 0, 0, 0, 0, -1], [3, 6, 4, 4, 29, 2, 2, 2, 0])
([-1, 0, 0, 0, 0, 1, 0, 0, 0, -1], [8, 3, 4, 3, 0, 27, 2, 2, 0])
([1, 0, 0, 0, 0, 1, -1, 0, 0, -1], [2, 4, 19, 2, 0, 0, 2, 5, 0])
([-1, 0, 0, 0, 0, 1, -1, 0, 1, -1], [6, 7, 1, 1, 0, 0, 1, 0, 0])
([1, -1, 0, 0, 0, 1, -1, 0, 1, -1], [0, 5, 6, 4, 0, 0, 8, 0, 0])
([-1, -1, 1, 0, 0, 1, -1, 0, 1, -1], [0, 0, 1, 1, 0, 0, 6, 0, 0])
([1, -1, 1, 0, 0, 1, -1, -1, 1, -1], [0, 0, 3, 2, 0, 0, 0, 0, 0])
([-1, -1, 1, 0, 1, 1, -1, -1, 1, -1], [0, 0, 3, 0, 0, 0, 0, 0, 0])
([1, 0, 0, 0, 0, 0, 0, 0, 0, 0], [3, 2, 2, 35, 1, 1, 1, 1, 16])
([-1, 0, 0, 0, 1, 0, 0, 0, 0, 0], [2, 2, 2, 0, 2, 2, 4, 2, 2])
([1, 0, 0, 0, 1, 0, 0, 0, 0, -1], [1, 1, 20, 0, 1, 1, 1, 1, 0])
([-1, 0, 0, 1, 1, 0, 0, 0, 0, -1], [3, 3, 0, 0, 2, 2, 2, 2, 0])
([1, 0, 0, 1, 1, 0, 0, 0, -1, -1], [3, 15, 0, 0, 1, 3, 1, 0, 0])
([-1, 0, 0, 1, 1, 0, 0, 1, -1, -1], [3, 3, 0, 0, 6, 2, 0, 0, 0])
([1, 0, 0, 1, 1, -1, 0, 1, -1, -1], [1, 6, 0, 0, 0, 1, 0, 0, 0])
([1, 0, 0, 0, 0, 0, 0, 0, 0, 0], [3, 2, 29, 1, 1, 1, 1, 1, 32])
([-1, 0, 0, 0, 0, 0, 0, 0, 0, 1], [4, 4, 4, 18, 45, 4, 17, 4, 0])
([1, 0, 0, 0, 0, -1, 0, 0, 0, 1], [1, 1, 1, 1, 0, 1, 10, 1, 0])
([-1, 0, 0, 0, 0, -1, 0, 1, 0, 1], [6, 3, 3, 3, 0, 3, 0, 3, 0])
([1, 0, 0, 0, 0, -1, -1, 1, 0, 1], [1, 1, 1, 1, 0, 0, 0, 3, 0])
([-1, 0, 0, 0, 1, -1, -1, 1, 0, 1], [1, 1, 1, 0, 0, 0, 0, 1, 0])
([1, 0, -1, 0, 1, -1, -1, 1, 0, 1], [1, 0, 1, 0, 0, 0, 0, 3, 0])
([1, 0, 0, 0, 0, 0, 0, 0, 0, 0], [3, 3, 3, 7, 2, 10, 103, 1, 1])
([-1, 0, 0, 0, 0, 0, 0, 1, 0, 0], [1, 1, 1, 1, 1, 1, 0, 17, 1])
([1, 0, 0, 0, 0, 0, 0, 1, -1, 0], [3, 3, 3, 7, 45, 1, 0, 0, 1])
([-1, 0, 0, 0, 0, 1, 0, 1, -1, 0], [10, 7, 7, 7, 0, 10, 0, 0, 6])
([1, 0, 0, -1, 0, 1, 0, 1, -1, 0], [1, 1, 0, 1, 0, 9, 0, 0, 1])
([-1, 0, 1, -1, 0, 1, 0, 1, -1, 0], [1, 0, 0, 1, 0, 3, 0, 0, 1])
([1, 0, 0, 0, 0, 0, 0, 0, 0, 0], [33, 1, 1, 1, 1, 1, 1, 1, 1])
([-1, 1, 0, 0, 0, 0, 0, 0, 0, 0], [0, 3, 18, 1, 5, 1, 1, 1, 1])
([1, 1, 0, -1, 0, 0, 0, 0, 0, 0], [0, 2, 0, 2, 29, 1, 1, 3, 1])
([-1, 1, 0, -1, 0, 1, 0, 0, 0, 0], [0, 8, 0, 8, 0, 5, 8, 5, 5])
([1, 1, 0, -1, 0, 1, 0, 0, 0, -1], [0, 3, 0, 2, 0, 6, 1, 1, 0])
([-1, 1, 0, -1, 0, 1, 1, 0, 0, -1], [0, 3, 0, 3, 0, 0, 2, 2, 0])
([1, 1, 0, -1, -1, 1, 1, 0, 0, -1], [0, 3, 0, 0, 0, 0, 2, 1, 0])
([1, 0, 0, 0, 0, 0, 0, 0, 0, 0], [1, 1, 35, 1, 1, 1, 1, 1, 1])
([-1, 0, 0, 1, 0, 0, 0, 0, 0, 0], [4, 5, 0, 4, 7, 4, 7, 4, 5])
([1, 0, -1, 1, 0, 0, 0, 0, 0, 0], [1, 0, 0, 3, 1, 1, 1, 1, 1])
([-1, 0, -1, 1, 0, 0, 0, 0, 0, 1], [3, 0, 0, 2, 2, 2, 4, 1, 0])
([1, 0, -1, 1, 0, 0, -1, 0, 0, 1], [1, 0, 0, 1, 1, 0, 8, 1, 0])
([-1, 0, -1, 1, 0, 0, -1, 1, 0, 1], [3, 0, 0, 3, 2, 0, 0, 2, 0])
([1, -1, -1, 1, 0, 0, -1, 1, 0, 1], [0, 0, 0, 1, 6, 0, 0, 1, 0])
([-1, -1, -1, 1, 1, 0, -1, 1, 0, 1], [0, 0, 0, 0, 1, 0, 0, 1, 0])
([1, -1, -1, 1, 1, 0, -1, 1, -1, 1], [0, 0, 0, 0, 3, 0, 0, 0, 0])
([1, 0, 0, 0, 0, 0, 0, 0, 0, 0], [2, 5, 55, 1, 2, 1, 1, 1, 1])
([-1, 0, 0, 1, 0, 0, 0, 0, 0, 0], [5, 5, 0, 14, 10, 5, 6, 4, 4])
([1, 0, -1, 1, 0, 0, 0, 0, 0, 0], [2, 0, 0, 2, 2, 9, 15, 1, 1])
([-1, 0, -1, 1, 0, 0, 1, 0, 0, 0], [2, 0, 0, 2, 3, 0, 3, 1, 1])
([1, -1, -1, 1, 0, 0, 1, 0, 0, 0], [0, 0, 0, 2, 2, 0, 1, 1, 1])
([-1, -1, -1, 1, 1, 0, 1, 0, 0, 0], [0, 0, 0, 0, 1, 0, 1, 1, 1])
([1, -1, -1, 1, 1, -1, 1, 0, 0, 0], [0, 0, 0, 0, 0, 0, 1, 1, 3])
([-1, -1, -1, 1, 1, -1, 1, 1, 0, 0], [0, 0, 0, 0, 0, 0, 0, 1, 1])
([1, -1, -1, 1, 1, -1, 1, 1, 0, -1], [0, 0, 0, 0, 0, 0, 0, 3, 0])
([1, 0, 0, 0, 0, 0, 0, 0, 0, 0], [2, 5, 2, 3, 3, 20, 51, 1, 1])
([-1, 0, 0, 0, 0, 0, 0, 1, 0, 0], [4, 8, 6, 4, 13, 4, 0, 9, 7])
([1, 0, 0, 0, 0, -1, 0, 1, 0, 0], [1, 1, 1, 1, 0, 1, 0, 15, 1])
([-1, 0, 0, 0, 0, -1, 0, 1, 1, 0], [4, 4, 4, 4, 0, 8, 0, 0, 10])
([1, -1, 0, 0, 0, -1, 0, 1, 1, 0], [0, 1, 1, 1, 0, 3, 0, 0, 1])
([-1, -1, 0, 0, 1, -1, 0, 1, 1, 0], [0, 3, 2, 0, 0, 2, 0, 0, 2])
([1, -1, 0, -1, 1, -1, 0, 1, 1, 0], [0, 4, 0, 0, 0, 1, 0, 0, 1])
([-1, -1, 1, -1, 1, -1, 0, 1, 1, 0], [0, 0, 0, 0, 0, 2, 0, 0, 2])
([1, -1, 1, -1, 1, -1, -1, 1, 1, 0], [0, 0, 0, 0, 0, 0, 0, 0, 3])
([-1, 0, 0, 0, 0, 0, 0, 0, 0, 0], [1, 1, 1, 1, 1, 1, 30, 1, 1])
([1, -1, 0, 0, 0, 0, 0, 0, 0, 0], [0, 7, 3, 3, 3, 27, 43, 27, 5])
([-1, -1, 1, 0, 0, 0, 0, 0, 0, 0], [0, 0, 1, 1, 1, 40, 1, 1, 1])
([1, -1, 1, 0, 0, 0, -1, 0, 0, 0], [0, 0, 6, 5, 5, 0, 16, 6, 8])
([-1, -1, 1, 0, 0, 0, -1, 1, 0, 0], [0, 0, 1, 1, 1, 0, 0, 11, 1])
([1, -1, 1, 0, 0, 0, -1, 1, -1, 0], [0, 0, 6, 2, 2, 0, 0, 0, 2])
([-1, -1, 1, 1, 0, 0, -1, 1, -1, 0], [0, 0, 0, 1, 5, 0, 0, 0, 1])
([1, -1, 1, 1, 0, -1, -1, 1, -1, 0], [0, 0, 0, 3, 0, 0, 0, 0, 2])
([-1, -1, 1, 1, 0, -1, -1, 1, -1, 1], [0, 0, 0, 1, 0, 0, 0, 0, 0])
([1, 0, 0, 0, 0, 0, 0, 0, 0, 0], [1, 1, 1, 1, 91, 1, 1, 1, 1])
([-1, 0, 0, 0, 0, 1, 0, 0, 0, 0], [15, 7, 11, 7, 0, 15, 23, 9, 9])
([1, 0, 0, 0, 0, 1, 0, 0, 0, -1], [1, 1, 1, 1, 0, 1, 40, 1, 0])
([-1, 0, 0, 0, 0, 1, 0, 1, 0, -1], [12, 6, 8, 6, 0, 6, 0, 6, 0])
([1, 0, 0, 0, 0, 1, 0, 1, -1, -1], [1, 1, 1, 1, 0, 19, 0, 0, 0])
([-1, 0, 0, 0, 0, 0, 0, 0, 0, 0], [1, 1, 72, 1, 1, 1, 1, 1, 1])
([1, 0, 0, -1, 0, 0, 0, 0, 0, 0], [11, 5, 0, 5, 22, 13, 17, 21, 26])
([-1, 0, 0, -1, 0, 1, 0, 0, 0, 0], [2, 2, 0, 2, 0, 2, 23, 1, 1])
([1, 0, 0, -1, 0, 1, 0, -1, 0, 0], [3, 3, 0, 2, 0, 2, 0, 2, 2])
([-1, 0, 1, -1, 0, 1, 0, -1, 0, 0], [2, 0, 0, 1, 0, 1, 0, 2, 1])
([1, 0, 1, -1, 0, 1, 0, -1, -1, 0], [1, 0, 0, 1, 0, 1, 0, 0, 1])
([-1, 0, 1, -1, 1, 1, 0, -1, -1, 0], [1, 0, 0, 0, 0, 1, 0, 0, 3])
([1, 0, 0, 0, 0, 0, 0, 0, 0, 0], [34, 1, 1, 1, 2, 1, 1, 1, 1])
([-1, 1, 0, 0, 0, 0, 0, 0, 0, 0], [0, 10, 4, 4, 2, 2, 23, 2, 17])
([1, 1, 0, 0, 0, 0, -1, 0, 0, 0], [0, 1, 35, 1, 1, 0, 1, 1, 1])
([-1, 1, 0, 0, 0, 0, -1, 1, 0, 0], [0, 14, 2, 6, 2, 0, 0, 2, 2])
([1, 1, 0, 0, -1, 0, -1, 1, 0, 0], [0, 1, 1, 0, 1, 0, 0, 1, 9])
([-1, 1, 0, 0, -1, 0, -1, 1, 0, 1], [0, 3, 3, 0, 3, 0, 0, 2, 0])
([1, 1, -1, 0, -1, 0, -1, 1, 0, 1], [0, 0, 1, 0, 1, 0, 0, 5, 0])
([-1, 0, 0, 0, 0, 0, 0, 0, 0, 0], [3, 2, 3, 12, 27, 2, 1, 1, 1])
([1, -1, 0, 0, 0, 0, 0, 0, 0, 0], [0, 5, 4, 4, 5, 2, 2, 2, 2])
([-1, -1, 0, 1, 0, 0, 0, 0, 0, 0], [0, 4, 0, 2, 6, 2, 2, 2, 2])
([1, -1, 0, 1, 0, -1, 0, 0, 0, 0], [0, 2, 0, 7, 0, 1, 1, 1, 1])
([-1, -1, 0, 1, 0, -1, 0, 0, 0, 1], [0, 1, 0, 12, 0, 1, 1, 1, 0])
([1, -1, 0, 1, -1, -1, 0, 0, 0, 1], [0, 3, 0, 0, 0, 3, 6, 2, 0])
([-1, -1, 1, 1, -1, -1, 0, 0, 0, 1], [0, 0, 0, 0, 0, 4, 1, 1, 0])
([-1, 0, 0, 0, 0, 0, 0, 0, 0, 0], [2, 14, 45, 1, 1, 1, 1, 1, 2])
([1, 0, 0, -1, 0, 0, 0, 0, 0, 0], [6, 7, 0, 7, 7, 6, 27, 13, 9])
([-1, 0, 1, -1, 0, 0, 0, 0, 0, 0], [1, 0, 0, 1, 1, 45, 1, 1, 1])
([1, 0, 1, -1, 0, 0, -1, 0, 0, 0], [6, 0, 0, 6, 6, 0, 6, 10, 8])
([-1, 0, 1, -1, 0, 0, -1, 0, 1, 0], [1, 0, 0, 1, 1, 0, 1, 0, 8])
([1, 0, 0, 0, 0, 0, 0, 0, 0, 0], [1, 1, 1, 1, 109, 1, 1, 1, 1])
([-1, 0, 0, 0, 0, 0, 1, 0, 0, 0], [2, 2, 2, 7, 4, 0, 2, 2, 2])
([1, 0, -1, 0, 0, 0, 1, 0, 0, 0], [2, 0, 3, 5, 1, 0, 3, 1, 1])
([-1, 0, -1, 0, 1, 0, 1, 0, 0, 0], [3, 0, 3, 0, 2, 0, 2, 2, 2])
([1, 0, -1, -1, 1, 0, 1, 0, 0, 0], [1, 0, 0, 0, 1, 0, 3, 1, 1])
([-1, 0, -1, -1, 1, 0, 1, 1, 0, 0], [1, 0, 0, 0, 1, 0, 0, 1, 1])
([1, -1, -1, -1, 1, 0, 1, 1, 0, 0], [0, 0, 0, 0, 1, 0, 0, 1, 3])
([-1, -1, -1, -1, 1, 0, 1, 1, 0, 1], [0, 0, 0, 0, 1, 0, 0, 1, 0])
([1, -1, -1, -1, 1, 0, 1, 1, -1, 1], [0, 0, 0, 0, 3, 0, 0, 0, 0])
([-1, 0, 0, 0, 0, 0, 0, 0, 0, 0], [59, 1, 3, 1, 1, 1, 1, 1, 1])
([1, -1, 0, 0, 0, 0, 0, 0, 0, 0], [0, 3, 5, 3, 20, 3, 19, 3, 5])
([-1, -1, 0, 0, 0, 1, 0, 0, 0, 0], [0, 2, 8, 1, 0, 1, 1, 1, 1])
([1, -1, 0, -1, 0, 1, 0, 0, 0, 0], [0, 3, 0, 6, 0, 4, 2, 2, 2])
([-1, -1, 1, -1, 0, 1, 0, 0, 0, 0], [0, 0, 0, 1, 0, 7, 1, 1, 1])
([1, -1, 1, -1, 0, 1, 0, 0, -1, 0], [0, 0, 0, 1, 0, 1, 1, 0, 1])
([-1, -1, 1, -1, 0, 1, 1, 0, -1, 0], [0, 0, 0, 1, 0, 0, 3, 0, 1])
([1, -1, 1, -1, 0, 1, 1, 0, -1, -1], [0, 0, 0, 1, 0, 0, 1, 0, 0])
([1, 0, 0, 0, 0, 0, 0, 0, 0, 0], [1, 1, 1, 1, 80, 1, 1, 1, 1])
([-1, 0, 0, 0, 0, 1, 0, 0, 0, 0], [5, 4, 5, 4, 0, 4, 4, 4, 5])
([1, 0, 0, 0, 0, 1, 0, -1, 0, 0], [19, 1, 1, 1, 0, 1, 0, 1, 1])
([-1, 1, 0, 0, 0, 1, 0, -1, 0, 0], [0, 2, 4, 2, 0, 5, 0, 2, 2])
([1, 1, 0, -1, 0, 1, 0, -1, 0, 0], [0, 2, 0, 2, 0, 10, 0, 1, 2])
([-1, 1, 0, -1, 1, 1, 0, -1, 0, 0], [0, 2, 0, 0, 0, 1, 0, 1, 2])
([1, 1, -1, -1, 1, 1, 0, -1, 0, 0], [0, 0, 0, 0, 0, 1, 0, 1, 1])
([-1, 1, -1, -1, 1, 1, 0, -1, 0, 1], [0, 0, 0, 0, 0, 2, 0, 2, 0])
([1, 1, -1, -1, 1, 1, -1, -1, 0, 1], [0, 0, 0, 0, 0, 0, 0, 1, 0])
([1, 0, 0, 0, 0, 0, 0, 0, 0, 0], [1, 1, 1, 1, 28, 1, 1, 1, 1])
([-1, 0, 0, 0, 0, 1, 0, 0, 0, 0], [13, 9, 9, 9, 0, 9, 13, 9, 9])
([1, 0, 0, -1, 0, 1, 0, 0, 0, 0], [1, 1, 0, 1, 0, 1, 1, 16, 1])
([-1, 0, 0, -1, 0, 1, 0, 0, 1, 0], [3, 3, 0, 3, 0, 8, 7, 0, 3])
([1, 0, 0, -1, 0, 1, -1, 0, 1, 0], [3, 2, 0, 2, 0, 0, 12, 0, 1])
([-1, 0, 0, -1, 0, 1, -1, 1, 1, 0], [2, 2, 0, 2, 0, 0, 0, 0, 9])
([1, 0, 0, 0, 0, 0, 0, 0, 0, 0], [1, 1, 1, 1, 25, 1, 1, 1, 1])
([-1, 0, 0, 0, 0, 1, 0, 0, 0, 0], [7, 10, 7, 12, 0, 12, 8, 8, 10])
([1, 0, -1, 0, 0, 1, 0, 0, 0, 0], [1, 0, 1, 12, 0, 1, 1, 1, 1])
([-1, 0, -1, 0, 1, 1, 0, 0, 0, 0], [3, 0, 3, 0, 0, 2, 2, 2, 2])
([1, 0, -1, 0, 1, 1, 0, 0, -1, 0], [1, 0, 1, 0, 0, 7, 1, 0, 1])
([-1, 0, 0, 0, 0, 0, 0, 0, 0, 0], [3, 7, 42, 1, 1, 1, 1, 1, 1])
([1, 0, 0, -1, 0, 0, 0, 0, 0, 0], [3, 3, 0, 9, 7, 5, 13, 3, 7])
([-1, 0, 0, -1, 0, 0, 0, 1, 0, 0], [5, 2, 0, 3, 5, 1, 0, 2, 1])
([1, 0, 0, -1, 0, 0, -1, 1, 0, 0], [5, 3, 0, 3, 10, 0, 0, 3, 10])
([-1, 0, 0, -1, 0, 0, -1, 1, 0, 1], [3, 2, 0, 2, 2, 0, 0, 10, 0])
([-1, 0, 0, 0, 0, 0, 0, 0, 0, 0], [1, 1, 1, 1, 1, 18, 1, 1, 1])
([1, 0, 0, -1, 0, 0, 0, 0, 0, 0], [3, 5, 0, 3, 5, 3, 48, 3, 5])
([-1, 0, 0, -1, 0, 0, 0, 1, 0, 0], [1, 1, 0, 1, 1, 1, 0, 24, 1])
([1, 0, 0, -1, 0, 0, 0, 1, -1, 0], [2, 2, 0, 3, 2, 8, 0, 0, 1])
([-1, 0, 0, -1, 0, 1, 0, 1, -1, 0], [2, 11, 0, 3, 0, 1, 0, 0, 1])
([1, 0, -1, -1, 0, 1, 0, 1, -1, 0], [3, 0, 0, 6, 0, 7, 0, 0, 2])
([-1, 0, -1, -1, 1, 1, 0, 1, -1, 0], [1, 0, 0, 0, 0, 5, 0, 0, 1])
([1, 0, 0, 0, 0, 0, 0, 0, 0, 0], [2, 2, 2, 3, 80, 1, 1, 1, 1])
([-1, 0, 0, 0, 0, 1, 0, 0, 0, 0], [11, 10, 11, 9, 0, 17, 9, 9, 9])
([1, 0, 0, -1, 0, 1, 0, 0, 0, 0], [2, 3, 0, 9, 0, 1, 5, 1, 1])
([-1, 0, 0, -1, 1, 1, 0, 0, 0, 0], [8, 3, 0, 0, 0, 2, 2, 2, 2])
([1, 0, -1, -1, 1, 1, 0, 0, 0, 0], [1, 0, 0, 0, 0, 3, 1, 1, 1])
([1, 0, 0, 0, 0, 0, 0, 0, 0, 0], [3, 2, 2, 2, 44, 1, 1, 1, 1])
([-1, 0, 0, 0, 0, 1, 0, 0, 0, 0], [10, 9, 8, 8, 0, 18, 8, 10, 10])
([1, 0, 0, 0, 0, 1, -1, 0, 0, 0], [1, 1, 1, 1, 0, 0, 1, 14, 1])
([-1, 0, 0, 0, 1, 1, -1, 0, 0, 0], [2, 3, 1, 0, 0, 0, 2, 1, 1])
([1, 0, -1, 0, 1, 1, -1, 0, 0, 0], [1, 0, 3, 0, 0, 0, 1, 1, 1])
([-1, 0, -1, 0, 1, 1, -1, 0, 0, 1], [3, 0, 2, 0, 0, 0, 2, 2, 0])
([1, -1, -1, 0, 1, 1, -1, 0, 0, 1], [0, 0, 1, 0, 0, 0, 5, 1, 0])
([-1, -1, -1, 0, 1, 1, -1, 1, 0, 1], [0, 0, 3, 0, 0, 0, 0, 2, 0])
([1, -1, -1, 0, 1, 1, -1, 1, -1, 1], [0, 0, 3, 0, 0, 0, 0, 0, 0])
([1, 0, 0, 0, 0, 0, 0, 0, 0, 0], [1, 1, 1, 1, 44, 1, 1, 1, 1])
([-1, 0, 0, 0, 1, 0, 0, 0, 0, 0], [2, 2, 2, 0, 2, 2, 4, 2, 2])
([1, -1, 0, 0, 1, 0, 0, 0, 0, 0], [0, 22, 3, 0, 1, 1, 1, 1, 1])
([-1, -1, 1, 0, 1, 0, 0, 0, 0, 0], [0, 0, 5, 0, 1, 1, 2, 1, 1])
([1, -1, 1, 0, 1, 0, -1, 0, 0, 0], [0, 0, 1, 0, 1, 0, 10, 1, 1])
([-1, -1, 1, 0, 1, 0, -1, 1, 0, 0], [0, 0, 6, 0, 2, 0, 0, 2, 2])
([1, -1, 1, 0, 1, 0, -1, 1, 0, -1], [0, 0, 1, 0, 1, 0, 0, 4, 0])
([1, 0, 0, 0, 0, 0, 0, 0, 0, 0], [1, 1, 1, 1, 75, 1, 1, 1, 1])
([-1, 0, 0, 0, 0, 1, 0, 0, 0, 0], [2, 2, 2, 2, 0, 2, 6, 2, 2])
([1, 0, 0, 0, 0, 1, 0, 0, -1, 0], [2, 4, 1, 1, 0, 1, 2, 0, 1])
([-1, 0, 1, 0, 0, 1, 0, 0, -1, 0], [2, 0, 2, 1, 0, 1, 2, 0, 1])
([1, -1, 1, 0, 0, 1, 0, 0, -1, 0], [0, 0, 16, 1, 0, 1, 1, 0, 1])
([-1, -1, 1, 1, 0, 1, 0, 0, -1, 0], [0, 0, 0, 7, 0, 3, 5, 0, 3])
([1, -1, 1, 1, 0, 1, -1, 0, -1, 0], [0, 0, 0, 1, 0, 0, 6, 0, 1])
([-1, 0, 0, 0, 0, 0, 0, 0, 0, 0], [2, 2, 120, 1, 3, 1, 1, 1, 1])
([1, 0, 0, 0, 0, -1, 0, 0, 0, 0], [7, 6, 6, 6, 0, 6, 5, 7, 5])
([-1, 0, 0, 0, 0, -1, 0, 0, 0, 1], [16, 1, 1, 1, 0, 2, 1, 1, 0])
([1, -1, 0, 0, 0, -1, 0, 0, 0, 1], [0, 5, 4, 4, 0, 4, 4, 7, 0])
([-1, -1, 0, 0, 0, -1, 0, 1, 0, 1], [0, 1, 1, 1, 0, 1, 0, 4, 0])
([1, -1, 0, 0, -1, -1, 0, 1, 0, 1], [0, 3, 3, 0, 0, 2, 0, 3, 0])
([-1, -1, 0, 1, -1, -1, 0, 1, 0, 1], [0, 1, 0, 0, 0, 4, 0, 1, 0])
([1, -1, -1, 1, -1, -1, 0, 1, 0, 1], [0, 0, 0, 0, 0, 1, 0, 3, 0])
([-1, -1, -1, 1, -1, -1, 1, 1, 0, 1], [0, 0, 0, 0, 0, 0, 0, 1, 0])
([1, 0, 0, 0, 0, 0, 0, 0, 0, 0], [1, 1, 1, 1, 85, 1, 1, 1, 1])
([-1, 0, 0, 0, 0, 1, 0, 0, 0, 0], [13, 10, 10, 10, 0, 10, 10, 10, 11])
([1, 0, 0, 0, 0, 1, 0, -1, 0, 0], [1, 1, 1, 10, 0, 1, 0, 1, 1])
([-1, 0, 0, 0, 1, 1, 0, -1, 0, 0], [3, 3, 5, 0, 0, 3, 0, 3, 3])
([1, 0, 0, 0, 1, 1, 0, -1, 0, -1], [1, 1, 8, 0, 0, 1, 0, 1, 0])
([-1, 0, 0, 0, 0, 0, 0, 0, 0, 0], [5, 2, 2, 20, 3, 7, 21, 1, 1])
([1, 0, 0, 0, -1, 0, 0, 0, 0, 0], [3, 2, 2, 0, 3, 3, 18, 1, 1])
([-1, 0, 0, 0, -1, 0, 0, 1, 0, 0], [3, 3, 3, 0, 3, 10, 0, 10, 2])
([1, 0, 0, 0, -1, -1, 0, 1, 0, 0], [11, 1, 2, 0, 0, 1, 0, 1, 1])
([-1, 1, 0, 0, -1, -1, 0, 1, 0, 0], [0, 3, 2, 0, 0, 1, 0, 1, 1])
([1, 1, -1, 0, -1, -1, 0, 1, 0, 0], [0, 0, 1, 0, 0, 1, 0, 6, 1])
([-1, 1, -1, 0, -1, -1, 0, 1, 1, 0], [0, 0, 4, 0, 0, 2, 0, 0, 2])
([1, 1, -1, 0, -1, -1, 0, 1, 1, -1], [0, 0, 1, 0, 0, 3, 0, 0, 0])
([-1, 1, -1, 1, -1, -1, 0, 1, 1, -1], [0, 0, 0, 0, 0, 1, 0, 0, 0])
([-1, 0, 0, 0, 0, 0, 0, 0, 0, 0], [3, 7, 2, 2, 34, 1, 1, 1, 1])
([1, 0, 0, 0, 0, -1, 0, 0, 0, 0], [6, 2, 2, 6, 0, 2, 4, 4, 4])
([-1, 1, 0, 0, 0, -1, 0, 0, 0, 0], [0, 1, 18, 1, 0, 1, 1, 1, 1])
([1, 1, 0, 0, 0, -1, 0, -1, 0, 0], [0, 3, 3, 3, 0, 2, 0, 2, 2])
([-1, 1, 0, 0, 0, -1, 1, -1, 0, 0], [0, 1, 14, 1, 0, 0, 0, 1, 1])
([1, 0, 0, 0, 0, 0, 0, 0, 0, 0], [1, 1, 1, 1, 67, 1, 1, 1, 1])
([-1, 0, 0, 0, 0, 1, 0, 0, 0, 0], [9, 9, 16, 9, 0, 28, 13, 9, 13])
([1, 0, 0, 0, 0, 1, 0, 0, 0, -1], [1, 1, 43, 1, 0, 1, 1, 1, 0])
([-1, 0, 0, 1, 0, 1, 0, 0, 0, -1], [9, 8, 0, 7, 0, 7, 7, 7, 0])
([1, -1, 0, 1, 0, 1, 0, 0, 0, -1], [0, 16, 0, 1, 0, 1, 1, 1, 0])
([-1, -1, 0, 1, 0, 1, 1, 0, 0, -1], [0, 3, 0, 3, 0, 0, 5, 3, 0])
([1, -1, 0, 1, 0, 1, 1, 0, -1, -1], [0, 5, 0, 1, 0, 0, 1, 0, 0])
([-1, -1, 1, 1, 0, 1, 1, 0, -1, -1], [0, 0, 0, 3, 0, 0, 2, 0, 0])
([1, -1, 1, 1, -1, 1, 1, 0, -1, -1], [0, 0, 0, 0, 0, 0, 3, 0, 0])
([-1, 0, 0, 0, 0, 0, 0, 0, 0, 0], [2, 2, 105, 1, 1, 1, 7, 1, 1])
([1, -1, 0, 0, 0, 0, 0, 0, 0, 0], [0, 15, 5, 9, 15, 14, 38, 9, 9])
([-1, -1, 0, 0, 0, 0, 0, 1, 0, 0], [0, 1, 1, 1, 8, 1, 0, 1, 1])
([1, -1, 0, 0, 0, 0, 0, 1, -1, 0], [0, 3, 8, 1, 2, 1, 0, 0, 1])
([-1, -1, 0, 1, 0, 0, 0, 1, -1, 0], [0, 4, 0, 2, 2, 2, 0, 0, 2])
([1, -1, -1, 1, 0, 0, 0, 1, -1, 0], [0, 0, 0, 1, 6, 1, 0, 0, 1])
([-1, 0, 0, 0, 0, 0, 0, 0, 0, 0], [2, 2, 7, 19, 2, 1, 1, 1, 1])
([1, 0, 0, -1, 0, 0, 0, 0, 0, 0], [6, 12, 0, 6, 11, 17, 8, 8, 15])
([-1, 0, 0, -1, 0, 0, 0, 0, 0, 1], [37, 1, 0, 1, 2, 1, 1, 1, 0])
([1, -1, 0, -1, 0, 0, 0, 0, 0, 1], [0, 3, 0, 9, 5, 3, 22, 5, 0])
([-1, -1, 1, -1, 0, 0, 0, 0, 0, 1], [0, 0, 0, 11, 1, 3, 1, 1, 0])
([1, -1, 1, -1, -1, 0, 0, 0, 0, 1], [0, 0, 0, 0, 3, 2, 4, 2, 0])
([-1, -1, 1, -1, -1, 0, 1, 0, 0, 1], [0, 0, 0, 0, 5, 0, 1, 1, 0])
([1, -1, 1, -1, -1, -1, 1, 0, 0, 1], [0, 0, 0, 0, 0, 0, 2, 2, 0])
([-1, -1, 1, -1, -1, -1, 1, 0, 1, 1], [0, 0, 0, 0, 0, 0, 3, 0, 0])
([-1, 0, 0, 0, 0, 0, 0, 0, 0, 0], [1, 1, 1, 28, 1, 1, 1, 1, 1])
([1, 0, 0, 0, -1, 0, 0, 0, 0, 0], [1, 1, 1, 0, 1, 1, 36, 1, 1])
([-1, 0, 0, 0, -1, 0, 0, 1, 0, 0], [2, 2, 2, 0, 2, 17, 0, 2, 2])
([1, 0, 0, 0, -1, 0, -1, 1, 0, 0], [1, 1, 5, 0, 1, 0, 0, 1, 1])
([-1, 0, 1, 0, -1, 0, -1, 1, 0, 0], [7, 0, 15, 0, 2, 0, 0, 1, 1])
([1, 0, 1, -1, -1, 0, -1, 1, 0, 0], [2, 0, 0, 0, 2, 0, 0, 2, 6])
([-1, 0, 1, -1, -1, 0, -1, 1, 1, 0], [2, 0, 0, 0, 2, 0, 0, 0, 4])
([1, 0, 1, -1, -1, -1, -1, 1, 1, 0], [1, 0, 0, 0, 0, 0, 0, 0, 3])
([-1, 0, 0, 0, 0, 0, 0, 0, 0, 0], [12, 2, 2, 14, 2, 2, 28, 1, 1])
([1, 0, 0, -1, 0, 0, 0, 0, 0, 0], [8, 8, 0, 15, 17, 12, 10, 23, 10])
([-1, 1, 0, -1, 0, 0, 0, 0, 0, 0], [0, 10, 0, 1, 1, 1, 1, 1, 1])
([1, 1, 0, -1, 0, 0, 0, 0, 0, -1], [0, 5, 0, 5, 8, 5, 4, 4, 0])
([-1, 1, 1, -1, 0, 0, 0, 0, 0, -1], [0, 0, 0, 1, 1, 12, 1, 1, 0])
([1, 1, 1, -1, 0, 0, 0, 0, -1, -1], [0, 0, 0, 4, 4, 3, 3, 0, 0])
([-1, 1, 1, -1, 0, 1, 0, 0, -1, -1], [0, 0, 0, 1, 0, 3, 1, 0, 0])
([1, 1, 1, -1, 0, 1, 0, -1, -1, -1], [0, 0, 0, 1, 0, 1, 0, 0, 0])
([1, 0, 0, 0, 0, 0, 0, 0, 0, 0], [85, 1, 1, 1, 3, 1, 1, 1, 1])
([-1, 0, 1, 0, 0, 0, 0, 0, 0, 0], [4, 0, 56, 5, 5, 4, 5, 4, 5])
([1, 0, 1, -1, 0, 0, 0, 0, 0, 0], [3, 0, 0, 6, 4, 3, 4, 4, 22])
([-1, 0, 1, -1, 0, 0, 0, 1, 0, 0], [3, 0, 0, 3, 4, 2, 0, 1, 1])
([1, -1, 1, -1, 0, 0, 0, 1, 0, 0], [0, 0, 0, 1, 1, 1, 0, 17, 1])
([-1, -1, 1, -1, 0, 0, 0, 1, 1, 0], [0, 0, 0, 1, 1, 1, 0, 0, 5])
([1, -1, 1, -1, 0, 0, 0, 1, 1, -1], [0, 0, 0, 1, 1, 5, 0, 0, 0])
([-1, -1, 1, -1, 1, 0, 0, 1, 1, -1], [0, 0, 0, 0, 2, 2, 0, 0, 0])
([-1, 0, 0, 0, 0, 0, 0, 0, 0, 0], [77, 1, 3, 1, 1, 1, 1, 1, 1])
([1, -1, 0, 0, 0, 0, 0, 0, 0, 0], [0, 2, 4, 4, 2, 2, 9, 2, 2])
([-1, -1, 0, 0, 0, 0, 0, 0, 1, 0], [0, 11, 3, 1, 1, 1, 1, 0, 1])
([1, -1, -1, 0, 0, 0, 0, 0, 1, 0], [0, 0, 2, 5, 2, 1, 1, 0, 1])
([-1, -1, -1, 0, 0, 0, 1, 0, 1, 0], [0, 0, 2, 5, 3, 0, 1, 0, 1])
([1, -1, -1, 0, -1, 0, 1, 0, 1, 0], [0, 0, 3, 0, 3, 0, 6, 0, 2])
([-1, -1, -1, 0, -1, 0, 1, 0, 1, 1], [0, 0, 4, 0, 1, 0, 1, 0, 0])
([1, -1, -1, 0, -1, -1, 1, 0, 1, 1], [0, 0, 2, 0, 0, 0, 2, 0, 0])
([-1, -1, -1, 1, -1, -1, 1, 0, 1, 1], [0, 0, 0, 0, 0, 0, 3, 0, 0])
([-1, 0, 0, 0, 0, 0, 0, 0, 0, 0], [2, 2, 9, 9, 2, 5, 2, 8, 18])
([1, 0, 0, 0, 0, 0, 0, 0, 0, -1], [6, 4, 18, 18, 30, 6, 39, 16, 0])
([-1, 0, 0, 1, 0, 0, 0, 0, 0, -1], [9, 4, 0, 2, 1, 1, 1, 1, 0])
([1, -1, 0, 1, 0, 0, 0, 0, 0, -1], [0, 2, 0, 2, 3, 3, 14, 1, 0])
([-1, -1, 0, 1, 0, 1, 0, 0, 0, -1], [0, 3, 0, 14, 0, 1, 1, 1, 0])
([1, -1, -1, 1, 0, 1, 0, 0, 0, -1], [0, 0, 0, 2, 0, 1, 1, 2, 0])
([-1, 0, 0, 0, 0, 0, 0, 0, 0, 0], [2, 3, 16, 3, 2, 2, 85, 1, 1])
([1, 0, 0, 0, -1, 0, 0, 0, 0, 0], [3, 3, 3, 0, 12, 3, 18, 5, 3])
([-1, 0, 0, 0, -1, 0, 1, 0, 0, 0], [16, 1, 1, 0, 2, 0, 1, 1, 1])
([1, 0, 0, 0, -1, 0, 1, -1, 0, 0], [9, 9, 9, 0, 9, 0, 0, 8, 8])
([-1, 0, 0, 1, -1, 0, 1, -1, 0, 0], [16, 1, 0, 0, 1, 0, 0, 1, 1])
([-1, 0, 0, 0, 0, 0, 0, 0, 0, 0], [2, 2, 2, 11, 2, 9, 40, 2, 5])
([1, 0, 0, 0, 0, 0, 0, -1, 0, 0], [5, 5, 11, 11, 5, 5, 0, 5, 9])
([-1, 0, 0, 0, 0, 0, 1, -1, 0, 0], [1, 1, 1, 1, 36, 0, 0, 1, 1])
([1, 0, 0, 0, 0, -1, 1, -1, 0, 0], [7, 10, 8, 7, 0, 0, 0, 7, 7])
([-1, 0, 1, 0, 0, -1, 1, -1, 0, 0], [8, 0, 1, 1, 0, 0, 0, 1, 1])
([1, -1, 1, 0, 0, -1, 1, -1, 0, 0], [0, 0, 3, 3, 0, 0, 0, 1, 1])
([-1, -1, 1, 0, 1, -1, 1, -1, 0, 0], [0, 0, 3, 0, 0, 0, 0, 1, 1])
([1, 0, 0, 0, 0, 0, 0, 0, 0, 0], [7, 56, 1, 1, 2, 1, 1, 1, 1])
([-1, 0, 1, 0, 0, 0, 0, 0, 0, 0], [2, 0, 10, 2, 2, 2, 4, 4, 2])
([1, 0, 1, -1, 0, 0, 0, 0, 0, 0], [4, 0, 0, 3, 6, 2, 8, 2, 2])
([-1, 0, 1, -1, 0, 0, 0, 0, 0, 1], [1, 0, 0, 1, 14, 1, 1, 1, 0])
([1, -1, 1, -1, 0, 0, 0, 0, 0, 1], [0, 0, 0, 2, 5, 2, 1, 1, 0])
([-1, -1, 1, -1, 0, 1, 0, 0, 0, 1], [0, 0, 0, 3, 0, 2, 2, 2, 0])
([1, -1, 1, -1, 0, 1, 0, -1, 0, 1], [0, 0, 0, 1, 0, 1, 0, 1, 0])
([-1, -1, 1, -1, 0, 1, 1, -1, 0, 1], [0, 0, 0, 2, 0, 0, 0, 2, 0])
([1, 0, 0, 0, 0, 0, 0, 0, 0, 0], [3, 3, 3, 48, 1, 1, 2, 1, 1])
([-1, 0, 0, 1, 0, 0, 0, 0, 0, 0], [2, 4, 0, 1, 5, 1, 1, 1, 1])
([1, -1, 0, 1, 0, 0, 0, 0, 0, 0], [0, 42, 0, 1, 2, 1, 1, 1, 1])
([-1, -1, 1, 1, 0, 0, 0, 0, 0, 0], [0, 0, 0, 15, 6, 6, 6, 8, 8])
([1, -1, 1, 1, -1, 0, 0, 0, 0, 0], [0, 0, 0, 0, 12, 1, 1, 3, 1])
([-1, -1, 1, 1, -1, 0, 0, 1, 0, 0], [0, 0, 0, 0, 4, 4, 0, 6, 4])
([1, -1, 1, 1, -1, 0, 0, 1, -1, 0], [0, 0, 0, 0, 6, 1, 0, 0, 1])
([1, 0, 0, 0, 0, 0, 0, 0, 0, 0], [1, 1, 1, 1, 70, 1, 1, 1, 1])
([-1, 0, 0, 0, 0, 1, 0, 0, 0, 0], [14, 13, 12, 16, 0, 11, 30, 12, 16])
([1, 0, 0, 0, 0, 1, 0, -1, 0, 0], [1, 1, 1, 31, 0, 1, 0, 1, 1])
([-1, 0, 0, 0, 1, 1, 0, -1, 0, 0], [3, 3, 2, 0, 0, 2, 0, 2, 2])
([1, 0, -1, 0, 1, 1, 0, -1, 0, 0], [1, 0, 1, 0, 0, 8, 0, 1, 1])
([1, 0, 0, 0, 0, 0, 0, 0, 0, 0], [1, 1, 1, 1, 46, 1, 1, 1, 1])
([-1, 0, 0, 0, 0, 1, 0, 0, 0, 0], [15, 10, 9, 9, 0, 9, 9, 11, 9])
([1, 0, 0, -1, 0, 1, 0, 0, 0, 0], [1, 1, 0, 1, 0, 1, 26, 1, 1])
([-1, 0, 0, -1, 0, 1, 0, 1, 0, 0], [3, 3, 0, 3, 0, 2, 0, 2, 2])
([1, 0, -1, -1, 0, 1, 0, 1, 0, 0], [1, 0, 0, 1, 0, 8, 0, 1, 1])
([1, 0, 0, 0, 0, 0, 0, 0, 0, 0], [3, 5, 3, 2, 22, 1, 1, 1, 1])
([-1, 0, 0, 0, 0, 1, 0, 0, 0, 0], [15, 15, 15, 8, 0, 11, 8, 10, 11])
([1, 0, 0, -1, 0, 1, 0, 0, 0, 0], [1, 1, 0, 1, 0, 10, 1, 1, 1])
([-1, 0, 0, -1, 0, 1, 1, 0, 0, 0], [4, 4, 0, 4, 0, 0, 4, 3, 3])
([1, 0, 0, -1, -1, 1, 1, 0, 0, 0], [1, 1, 0, 0, 0, 0, 3, 1, 1])
([-1, 0, 0, 0, 0, 0, 0, 0, 0, 0], [3, 2, 3, 2, 2, 7, 61, 1, 1])
([1, 0, 0, 0, 0, 0, 0, -1, 0, 0], [5, 7, 5, 13, 7, 5, 0, 9, 5])
([-1, 0, 0, 0, 0, 1, 0, -1, 0, 0], [23, 3, 1, 1, 0, 1, 0, 1, 1])
([1, -1, 0, 0, 0, 1, 0, -1, 0, 0], [0, 3, 3, 16, 0, 3, 0, 3, 5])
([-1, -1, 0, 0, 0, 1, 0, -1, 0, 1], [0, 3, 14, 1, 0, 1, 0, 1, 0])
([-1, 0, 0, 0, 0, 0, 0, 0, 0, 0], [12, 1, 1, 1, 1, 1, 1, 1, 2])
([1, 0, 0, 0, 0, 0, 0, 0, 0, -1], [2, 5, 2, 2, 40, 1, 1, 1, 0])
([-1, 0, 0, 0, 0, 1, 0, 0, 0, -1], [3, 2, 2, 34, 0, 1, 2, 1, 0])
([1, 0, 0, 0, -1, 1, 0, 0, 0, -1], [1, 1, 1, 0, 0, 1, 10, 1, 0])
([-1, 0, 0, 0, -1, 1, 0, 1, 0, -1], [3, 3, 3, 0, 0, 2, 0, 2, 0])
([1, -1, 0, 0, -1, 1, 0, 1, 0, -1], [0, 1, 1, 0, 0, 1, 0, 6, 0])
([-1, -1, 0, 0, -1, 1, 0, 1, 1, -1], [0, 4, 2, 0, 0, 2, 0, 0, 0])
([1, -1, 0, -1, -1, 1, 0, 1, 1, -1], [0, 1, 0, 0, 0, 3, 0, 0, 0])
([1, 0, 0, 0, 0, 0, 0, 0, 0, 0], [2, 3, 2, 7, 2, 10, 107, 1, 1])
([-1, 0, 0, 0, 0, 0, 0, 1, 0, 0], [2, 2, 2, 2, 8, 2, 0, 9, 2])
([1, 0, 0, 0, 0, 0, 0, 1, -1, 0], [2, 3, 2, 7, 19, 2, 0, 0, 1])
([-1, 0, 0, 0, 1, 0, 0, 1, -1, 0], [2, 4, 1, 0, 1, 1, 0, 0, 1])
([1, 0, -1, 0, 1, 0, 0, 1, -1, 0], [1, 0, 1, 0, 7, 1, 0, 0, 1])
([-1, 0, -1, 0, 1, 1, 0, 1, -1, 0], [3, 0, 3, 0, 0, 2, 0, 0, 2])
([1, -1, -1, 0, 1, 1, 0, 1, -1, 0], [0, 0, 3, 0, 0, 1, 0, 0, 1])
([-1, -1, -1, 0, 1, 1, 0, 1, -1, 1], [0, 0, 3, 0, 0, 2, 0, 0, 0])
([1, -1, -1, -1, 1, 1, 0, 1, -1, 1], [0, 0, 0, 0, 0, 3, 0, 0, 0])
([1, 0, 0, 0, 0, 0, 0, 0, 0, 0], [1, 1, 1, 1, 40, 1, 1, 1, 1])
([-1, 0, 0, 0, 0, 1, 0, 0, 0, 0], [4, 7, 5, 7, 0, 4, 15, 4, 4])
([1, 0, 0, -1, 0, 1, 0, 0, 0, 0], [2, 7, 0, 1, 0, 1, 1, 1, 1])
([-1, 0, 1, -1, 0, 1, 0, 0, 0, 0], [1, 0, 0, 1, 0, 10, 1, 1, 1])
([1, 0, 1, -1, 0, 1, -1, 0, 0, 0], [2, 0, 0, 2, 0, 0, 2, 2, 4])
([-1, 1, 1, -1, 0, 1, -1, 0, 0, 0], [0, 0, 0, 1, 0, 0, 1, 3, 1])
([1, 1, 1, -1, -1, 1, -1, 0, 0, 0], [0, 0, 0, 0, 0, 0, 4, 2, 2])
([-1, 1, 1, -1, -1, 1, -1, 0, 1, 0], [0, 0, 0, 0, 0, 0, 1, 0, 3])
([1, 0, 0, 0, 0, 0, 0, 0, 0, 0], [1, 1, 1, 1, 40, 1, 1, 1, 1])
([-1, 0, 0, 0, 0, 1, 0, 0, 0, 0], [8, 8, 10, 13, 0, 11, 8, 8, 11])
([1, 0, 0, 0, -1, 1, 0, 0, 0, 0], [1, 1, 1, 0, 0, 1, 11, 1, 1])
([-1, 0, 0, 0, -1, 1, 0, 1, 0, 0], [3, 3, 3, 0, 0, 2, 0, 2, 2])
([1, 0, 0, 0, -1, 1, -1, 1, 0, 0], [1, 1, 8, 0, 0, 0, 0, 1, 1])
([-1, 0, 0, 0, -1, 1, -1, 1, 1, 0], [3, 3, 3, 0, 0, 0, 0, 0, 2])
([1, 0, -1, 0, -1, 1, -1, 1, 1, 0], [1, 0, 3, 0, 0, 0, 0, 0, 1])
([1, 0, 0, 0, 0, 0, 0, 0, 0, 0], [1, 1, 1, 1, 92, 1, 1, 1, 1])
([-1, 0, 0, 0, 0, 1, 0, 0, 0, 0], [10, 8, 8, 8, 0, 8, 10, 9, 11])
([1, 0, 0, 0, -1, 1, 0, 0, 0, 0], [36, 1, 1, 0, 0, 1, 1, 3, 1])
([-1, 1, 0, 0, -1, 1, 0, 0, 0, 0], [0, 11, 7, 0, 0, 3, 5, 3, 3])
([1, 1, 0, 0, -1, 1, -1, 0, 0, 0], [0, 2, 10, 0, 0, 0, 1, 3, 1])
([-1, 1, 0, 1, -1, 1, -1, 0, 0, 0], [0, 3, 0, 0, 0, 0, 2, 2, 2])
([1, 1, 0, 1, -1, 1, -1, 0, -1, 0], [0, 1, 0, 0, 0, 0, 6, 0, 1])
([-1, 0, 0, 0, 0, 0, 0, 0, 0, 0], [2, 11, 2, 2, 2, 2, 60, 1, 1])
([1, 0, 0, 0, 0, 0, 0, -1, 0, 0], [3, 3, 4, 6, 4, 4, 0, 2, 2])
([-1, 0, 0, 0, 1, 0, 0, -1, 0, 0], [22, 1, 1, 0, 2, 1, 0, 1, 1])
([1, -1, 0, 0, 1, 0, 0, -1, 0, 0], [0, 2, 4, 0, 2, 2, 0, 2, 2])
([-1, -1, 1, 0, 1, 0, 0, -1, 0, 0], [0, 0, 2, 0, 2, 1, 0, 1, 1])
([1, -1, 1, -1, 1, 0, 0, -1, 0, 0], [0, 0, 0, 0, 1, 1, 0, 1, 1])
([-1, -1, 1, -1, 1, 0, 0, -1, 1, 0], [0, 0, 0, 0, 3, 1, 0, 0, 1])
([1, -1, 1, -1, 1, 0, -1, -1, 1, 0], [0, 0, 0, 0, 1, 0, 0, 0, 1])
([-1, -1, 1, -1, 1, 0, -1, -1, 1, 1], [0, 0, 0, 0, 3, 0, 0, 0, 0])
([-1, 0, 0, 0, 0, 0, 0, 0, 0, 0], [7, 9, 109, 1, 2, 1, 1, 1, 1])
([1, 0, 0, -1, 0, 0, 0, 0, 0, 0], [3, 3, 0, 14, 5, 11, 12, 7, 5])
([-1, 0, 0, -1, 0, 0, 1, 0, 0, 0], [2, 3, 0, 2, 2, 0, 56, 1, 1])
([1, 0, -1, -1, 0, 0, 1, 0, 0, 0], [2, 0, 0, 2, 1, 0, 1, 2, 1])
([-1, 0, -1, -1, 0, 0, 1, 0, 0, 1], [3, 0, 0, 5, 3, 0, 1, 1, 0])
([1, 0, -1, -1, 0, -1, 1, 0, 0, 1], [1, 0, 0, 1, 0, 0, 3, 1, 0])
([-1, 1, -1, -1, 0, -1, 1, 0, 0, 1], [0, 0, 0, 1, 0, 0, 1, 4, 0])
([1, 0, 0, 0, 0, 0, 0, 0, 0, 0], [2, 2, 3, 3, 2, 3, 29, 1, 1])
([-1, 0, 0, 0, 1, 0, 0, 0, 0, 0], [4, 7, 9, 0, 9, 9, 4, 4, 4])
([1, 0, 0, 0, 1, 0, -1, 0, 0, 0], [2, 2, 5, 0, 1, 0, 1, 1, 1])
([-1, 0, 0, 0, 1, 0, -1, 0, 1, 0], [5, 5, 9, 0, 10, 0, 8, 0, 5])
([1, 0, 0, -1, 1, 0, -1, 0, 1, 0], [1, 1, 0, 0, 1, 0, 1, 0, 9])
([-1, 1, 0, -1, 1, 0, -1, 0, 1, 0], [0, 2, 0, 0, 2, 0, 7, 0, 1])
([1, 1, 0, -1, 1, 0, -1, -1, 1, 0], [0, 3, 0, 0, 4, 0, 0, 0, 2])
([-1, 1, 0, -1, 1, 0, -1, -1, 1, 1], [0, 2, 0, 0, 3, 0, 0, 0, 0])
([1, 1, -1, -1, 1, 0, -1, -1, 1, 1], [0, 0, 0, 0, 1, 0, 0, 0, 0])
([-1, 0, 0, 0, 0, 0, 0, 0, 0, 0], [3, 2, 2, 3, 2, 34, 2, 2, 113])
([1, 0, 0, 0, 0, 0, 0, 0, 0, -1], [3, 7, 48, 3, 18, 3, 3, 3, 0])
([-1, 0, 0, 0, 1, 0, 0, 0, 0, -1], [9, 3, 35, 0, 1, 1, 1, 1, 0])
([1, -1, 0, 0, 1, 0, 0, 0, 0, -1], [0, 3, 2, 0, 8, 1, 1, 1, 0])
([-1, -1, 0, 0, 1, 1, 0, 0, 0, -1], [0, 3, 1, 0, 0, 1, 1, 2, 0])
([1, -1, 0, 0, 1, 1, 0, 0, -1, -1], [0, 3, 3, 0, 0, 1, 1, 0, 0])
([-1, -1, 1, 0, 1, 1, 0, 0, -1, -1], [0, 0, 2, 0, 0, 1, 2, 0, 0])
([1, -1, 1, -1, 1, 1, 0, 0, -1, -1], [0, 0, 0, 0, 0, 1, 1, 0, 0])
([-1, -1, 1, -1, 1, 1, 0, 1, -1, -1], [0, 0, 0, 0, 0, 3, 0, 0, 0])
([1, 0, 0, 0, 0, 0, 0, 0, 0, 0], [3, 25, 3, 1, 1, 1, 1, 1, 1])
([-1, 1, 0, 0, 0, 0, 0, 0, 0, 0], [0, 1, 30, 1, 1, 1, 1, 1, 1])
([1, 1, 0, 0, 0, 0, -1, 0, 0, 0], [0, 2, 14, 1, 1, 0, 3, 1, 1])
([-1, 1, 0, 1, 0, 0, -1, 0, 0, 0], [0, 4, 0, 2, 2, 0, 2, 2, 2])
([1, 1, 0, 1, 0, -1, -1, 0, 0, 0], [0, 15, 0, 1, 0, 0, 1, 1, 1])
([-1, 0, 0, 0, 0, 0, 0, 0, 0, 0], [57, 2, 3, 3, 2, 7, 2, 2, 13])
([1, 0, 0, 0, 0, 0, 0, 0, 0, -1], [1, 1, 54, 1, 1, 1, 1, 1, 0])
([-1, 0, 0, 0, 0, 0, 0, 0, 1, -1], [1, 1, 1, 1, 38, 1, 1, 0, 0])
([1, 0, 0, 0, 0, -1, 0, 0, 1, -1], [8, 3, 3, 3, 0, 10, 7, 0, 0])
([-1, 1, 0, 0, 0, -1, 0, 0, 1, -1], [0, 1, 1, 1, 0, 1, 9, 0, 0])
([1, 1, 0, 0, 0, -1, 0, -1, 1, -1], [0, 3, 3, 3, 0, 2, 0, 0, 0])
([-1, 1, 0, 0, 1, -1, 0, -1, 1, -1], [0, 3, 1, 0, 0, 1, 0, 0, 0])
([-1, 0, 0, 0, 0, 0, 0, 0, 0, 0], [52, 1, 2, 1, 1, 1, 1, 1, 1])
([1, -1, 0, 0, 0, 0, 0, 0, 0, 0], [0, 4, 10, 3, 8, 3, 13, 4, 2])
([-1, -1, 0, 0, 1, 0, 0, 0, 0, 0], [0, 2, 7, 0, 22, 7, 3, 5, 2])
([1, -1, 0, 0, 1, -1, 0, 0, 0, 0], [0, 3, 8, 0, 0, 2, 14, 2, 2])
([-1, -1, 0, 0, 1, -1, 0, 1, 0, 0], [0, 2, 5, 0, 0, 5, 0, 5, 7])
([1, -1, 0, 0, 1, -1, -1, 1, 0, 0], [0, 4, 8, 0, 0, 0, 0, 2, 2])
([-1, -1, 0, 1, 1, -1, -1, 1, 0, 0], [0, 3, 0, 0, 0, 0, 0, 2, 2])
([1, -1, 0, 1, 1, -1, -1, 1, -1, 0], [0, 3, 0, 0, 0, 0, 0, 0, 2])
([-1, -1, 0, 1, 1, -1, -1, 1, -1, 1], [0, 1, 0, 0, 0, 0, 0, 0, 0])
([1, 0, 0, 0, 0, 0, 0, 0, 0, 0], [2, 67, 1, 1, 1, 1, 1, 1, 1])
([-1, 0, 1, 0, 0, 0, 0, 0, 0, 0], [3, 0, 21, 4, 2, 6, 2, 2, 6])
([1, 0, 1, 0, 0, 0, 0, -1, 0, 0], [2, 0, 2, 4, 1, 1, 0, 1, 1])
([-1, 1, 1, 0, 0, 0, 0, -1, 0, 0], [0, 0, 9, 2, 2, 3, 0, 2, 2])
([1, 1, 1, 0, 0, 0, 0, -1, 0, -1], [0, 0, 1, 1, 1, 14, 0, 1, 0])
([-1, 1, 1, 0, 0, 0, 1, -1, 0, -1], [0, 0, 4, 4, 5, 0, 0, 4, 0])
([1, 1, 1, 0, -1, 0, 1, -1, 0, -1], [0, 0, 1, 0, 1, 0, 0, 6, 0])
([1, 0, 0, 0, 0, 0, 0, 0, 0, 0], [1, 1, 21, 1, 1, 1, 1, 1, 1])
([-1, 0, 0, 1, 0, 0, 0, 0, 0, 0], [4, 3, 0, 2, 2, 2, 2, 2, 2])
([1, 0, 0, 1, 0, -1, 0, 0, 0, 0], [1, 1, 0, 10, 0, 1, 1, 1, 1])
([-1, 0, 0, 1, 1, -1, 0, 0, 0, 0], [3, 3, 0, 0, 0, 2, 2, 2, 2])
([1, -1, 0, 1, 1, -1, 0, 0, 0, 0], [0, 1, 0, 0, 0, 1, 1, 7, 1])
([-1, -1, 0, 1, 1, -1, 0, 0, 1, 0], [0, 3, 0, 0, 0, 2, 2, 0, 2])
([1, -1, 0, 1, 1, -1, 0, 0, 1, -1], [0, 1, 0, 0, 0, 6, 1, 0, 0])
([-1, -1, 0, 1, 1, -1, 1, 0, 1, -1], [0, 3, 0, 0, 0, 0, 3, 0, 0])
([1, -1, 0, 1, 1, -1, 1, -1, 1, -1], [0, 3, 0, 0, 0, 0, 0, 0, 0])
([-1, 0, 0, 0, 0, 0, 0, 0, 0, 0], [2, 2, 195, 1, 1, 1, 1, 1, 1])
([1, 0, 0, -1, 0, 0, 0, 0, 0, 0], [12, 8, 0, 8, 23, 15, 29, 29, 29])
([-1, 0, 0, -1, 0, 0, 1, 0, 0, 0], [3, 3, 0, 2, 11, 0, 1, 1, 1])
([1, 0, 0, -1, 0, -1, 1, 0, 0, 0], [3, 3, 0, 2, 0, 0, 2, 3, 1])
([-1, 1, 0, -1, 0, -1, 1, 0, 0, 0], [0, 1, 0, 1, 0, 0, 1, 9, 1])
([-1, 0, 0, 0, 0, 0, 0, 0, 0, 0], [2, 2, 100, 1, 2, 1, 1, 1, 1])
([1, 0, 0, -1, 0, 0, 0, 0, 0, 0], [7, 7, 0, 7, 7, 10, 18, 26, 8])
([-1, 1, 0, -1, 0, 0, 0, 0, 0, 0], [0, 17, 0, 1, 1, 1, 1, 1, 2])
([1, 1, 0, -1, -1, 0, 0, 0, 0, 0], [0, 2, 0, 0, 3, 5, 2, 1, 1])
([-1, 1, 0, -1, -1, 0, 0, 0, 0, 1], [0, 1, 0, 0, 1, 1, 1, 17, 0])
([1, 1, 0, -1, -1, 0, 0, 0, -1, 1], [0, 4, 0, 0, 4, 4, 4, 0, 0])
([-1, 1, 0, -1, -1, 1, 0, 0, -1, 1], [0, 5, 0, 0, 0, 1, 1, 0, 0])
([1, 1, -1, -1, -1, 1, 0, 0, -1, 1], [0, 0, 0, 0, 0, 3, 2, 0, 0])
([-1, 1, -1, -1, -1, 1, 0, 1, -1, 1], [0, 0, 0, 0, 0, 3, 0, 0, 0])
([1, 0, 0, 0, 0, 0, 0, 0, 0, 0], [2, 5, 3, 7, 65, 1, 1, 1, 1])
([-1, 0, 0, 0, 0, 1, 0, 0, 0, 0], [14, 8, 14, 19, 0, 8, 13, 8, 8])
([1, 0, 0, -1, 0, 1, 0, 0, 0, 0], [2, 2, 0, 35, 0, 1, 1, 1, 1])
([-1, 0, 0, -1, 1, 1, 0, 0, 0, 0], [6, 3, 0, 0, 0, 2, 2, 2, 2])
([1, 0, 0, -1, 1, 1, 0, -1, 0, 0], [3, 1, 0, 0, 0, 1, 0, 3, 1])
([1, 0, 0, 0, 0, 0, 0, 0, 0, 0], [3, 3, 8, 2, 35, 1, 1, 1, 18])
([-1, 0, 0, 0, 0, 1, 0, 0, 0, 0], [5, 3, 3, 3, 0, 3, 3, 3, 3])
([1, 0, 0, 0, 0, 1, -1, 0, 0, 0], [38, 2, 1, 1, 0, 0, 1, 1, 1])
([-1, 1, 0, 0, 0, 1, -1, 0, 0, 0], [0, 2, 3, 3, 0, 0, 14, 1, 1])
([1, 1, 0, 0, -1, 1, -1, 0, 0, 0], [0, 2, 7, 0, 0, 0, 1, 1, 2])
([-1, 1, 0, 0, -1, 1, -1, 0, 0, 1], [0, 2, 3, 0, 0, 0, 7, 1, 0])
([1, 1, 0, 0, -1, 1, -1, -1, 0, 1], [0, 3, 3, 0, 0, 0, 0, 1, 0])
([-1, 1, 0, 1, -1, 1, -1, -1, 0, 1], [0, 4, 0, 0, 0, 0, 0, 2, 0])
([1, 1, 0, 1, -1, 1, -1, -1, -1, 1], [0, 3, 0, 0, 0, 0, 0, 0, 0])
([-1, 0, 0, 0, 0, 0, 0, 0, 0, 0], [1, 1, 67, 1, 1, 1, 1, 1, 1])
([1, 0, 0, -1, 0, 0, 0, 0, 0, 0], [8, 8, 0, 18, 12, 28, 27, 27, 16])
([-1, 0, 0, -1, 0, 0, 0, 1, 0, 0], [1, 1, 0, 1, 1, 46, 0, 1, 1])
([1, 0, 0, -1, 0, 0, -1, 1, 0, 0], [7, 7, 0, 7, 9, 0, 0, 7, 17])
([-1, 0, 0, -1, 0, 0, -1, 1, 0, 1], [3, 2, 0, 2, 2, 0, 0, 10, 0])
([1, 0, 0, 0, 0, 0, 0, 0, 0, 0], [1, 1, 1, 52, 1, 1, 1, 1, 1])
([-1, 0, 0, 0, 1, 0, 0, 0, 0, 0], [7, 4, 7, 0, 9, 4, 4, 9, 9])
([1, 0, 0, -1, 1, 0, 0, 0, 0, 0], [2, 2, 0, 0, 2, 13, 1, 1, 1])
([-1, 0, 0, -1, 1, 1, 0, 0, 0, 0], [2, 2, 0, 0, 0, 2, 4, 2, 2])
([1, 0, 0, -1, 1, 1, 0, 0, 0, -1], [1, 1, 0, 0, 0, 8, 1, 1, 0])
([-1, 0, 0, 0, 0, 0, 0, 0, 0, 0], [1, 1, 1, 1, 34, 1, 1, 1, 1])
([1, 0, 0, 0, 0, -1, 0, 0, 0, 0], [2, 2, 5, 1, 0, 1, 2, 1, 1])
([-1, 0, 0, 0, 0, -1, 0, 0, 0, 1], [18, 1, 1, 1, 0, 1, 2, 1, 0])
([1, -1, 0, 0, 0, -1, 0, 0, 0, 1], [0, 5, 4, 3, 0, 3, 3, 5, 0])
([-1, -1, 0, 0, 0, -1, 0, 0, 1, 1], [0, 3, 3, 7, 0, 3, 13, 0, 0])
([1, -1, 0, 0, 0, -1, 0, -1, 1, 1], [0, 5, 5, 5, 0, 4, 0, 0, 0])
([-1, -1, 1, 0, 0, -1, 0, -1, 1, 1], [0, 0, 6, 1, 0, 1, 0, 0, 0])
([-1, 0, 0, 0, 0, 0, 0, 0, 0, 0], [1, 1, 39, 1, 1, 1, 1, 1, 1])
([1, 0, 0, -1, 0, 0, 0, 0, 0, 0], [2, 2, 0, 2, 3, 17, 5, 3, 2])
([-1, 0, 0, -1, 0, 0, 1, 0, 0, 0], [1, 1, 0, 1, 6, 0, 1, 1, 1])
([1, 0, 0, -1, 0, 0, 1, -1, 0, 0], [6, 6, 0, 6, 12, 0, 0, 6, 6])
([-1, 0, 0, -1, 1, 0, 1, -1, 0, 0], [1, 1, 0, 0, 7, 0, 0, 1, 1])
([-1, 0, 0, 0, 0, 0, 0, 0, 0, 0], [1, 1, 1, 1, 1, 1, 47, 1, 1])
([1, 0, 0, 0, 0, 0, 0, -1, 0, 0], [3, 3, 5, 4, 4, 4, 0, 3, 6])
([-1, 0, 0, 0, 0, 0, 0, -1, 1, 0], [5, 2, 43, 1, 1, 1, 0, 0, 1])
([1, 0, 0, -1, 0, 0, 0, -1, 1, 0], [7, 7, 0, 6, 12, 6, 0, 0, 6])
([-1, 0, 0, -1, 0, 0, 0, -1, 1, 1], [1, 1, 0, 1, 17, 1, 0, 0, 0])
([-1, 0, 0, 0, 0, 0, 0, 0, 0, 0], [6, 3, 79, 2, 2, 2, 2, 2, 2])
([1, 0, 0, 0, -1, 0, 0, 0, 0, 0], [7, 2, 2, 0, 3, 2, 31, 1, 1])
([-1, 0, 0, 0, -1, 0, 0, 1, 0, 0], [10, 5, 12, 0, 7, 5, 0, 18, 12])
([1, 0, 0, 0, -1, -1, 0, 1, 0, 0], [15, 3, 1, 0, 0, 1, 0, 1, 1])
([-1, 1, 0, 0, -1, -1, 0, 1, 0, 0], [0, 1, 1, 0, 0, 1, 0, 5, 1])
([1, 1, -1, 0, -1, -1, 0, 1, 0, 0], [0, 0, 1, 0, 0, 1, 0, 7, 1])
([-1, 1, -1, 0, -1, -1, 0, 1, 1, 0], [0, 0, 3, 0, 0, 3, 0, 0, 2])
([1, 1, -1, 0, -1, -1, -1, 1, 1, 0], [0, 0, 1, 0, 0, 0, 0, 0, 3])
([1, 0, 0, 0, 0, 0, 0, 0, 0, 0], [5, 5, 2, 33, 1, 1, 2, 1, 1])
([-1, 1, 0, 0, 0, 0, 0, 0, 0, 0], [0, 10, 1, 1, 5, 1, 1, 1, 1])
([1, 1, -1, 0, 0, 0, 0, 0, 0, 0], [0, 0, 3, 2, 3, 14, 1, 1, 1])
([-1, 1, -1, 0, 0, 0, 1, 0, 0, 0], [0, 0, 2, 9, 4, 0, 1, 1, 1])
([1, 1, -1, 0, -1, 0, 1, 0, 0, 0], [0, 0, 2, 0, 2, 0, 6, 2, 1])
([-1, 1, -1, 0, -1, 0, 1, 0, 1, 0], [0, 0, 3, 0, 1, 0, 3, 0, 1])
([1, 1, -1, -1, -1, 0, 1, 0, 1, 0], [0, 0, 0, 0, 2, 0, 2, 0, 1])
([-1, 0, 0, 0, 0, 0, 0, 0, 0, 0], [1, 1, 1, 1, 1, 1, 32, 1, 1])
([1, 0, 0, 0, 0, 0, 0, -1, 0, 0], [14, 8, 6, 6, 8, 6, 0, 6, 10])
([-1, 0, 0, 0, 0, 0, 1, -1, 0, 0], [15, 1, 1, 3, 1, 0, 0, 1, 1])
([1, -1, 0, 0, 0, 0, 1, -1, 0, 0], [0, 4, 4, 3, 3, 0, 0, 3, 3])
([-1, -1, 1, 0, 0, 0, 1, -1, 0, 0], [0, 0, 1, 1, 13, 0, 0, 1, 1])
([1, -1, 1, 0, 0, -1, 1, -1, 0, 0], [0, 0, 4, 4, 0, 0, 0, 3, 3])
([-1, -1, 1, 0, 0, -1, 1, -1, 1, 0], [0, 0, 1, 6, 0, 0, 0, 0, 1])
([-1, 0, 0, 0, 0, 0, 0, 0, 0, 0], [1, 1, 1, 1, 30, 1, 1, 1, 1])
([1, 0, 0, -1, 0, 0, 0, 0, 0, 0], [4, 4, 0, 4, 6, 8, 6, 21, 6])
([-1, 0, 0, -1, 0, 1, 0, 0, 0, 0], [2, 2, 0, 3, 0, 37, 1, 1, 1])
([1, 0, 0, -1, 0, 1, -1, 0, 0, 0], [3, 3, 0, 2, 0, 0, 6, 2, 2])
([-1, 0, 0, -1, 0, 1, -1, 1, 0, 0], [1, 10, 0, 1, 0, 0, 0, 1, 1])
([1, 0, -1, -1, 0, 1, -1, 1, 0, 0], [2, 0, 0, 2, 0, 0, 0, 4, 6])
([-1, 0, -1, -1, 1, 1, -1, 1, 0, 0], [1, 0, 0, 0, 0, 0, 0, 5, 1])
([1, 0, 0, 0, 0, 0, 0, 0, 0, 0], [3, 2, 35, 1, 1, 1, 1, 1, 1])
([-1, 0, 0, 1, 0, 0, 0, 0, 0, 0], [2, 4, 0, 7, 1, 1, 1, 1, 1])
([1, 0, 0, 1, -1, 0, 0, 0, 0, 0], [1, 1, 0, 0, 1, 27, 1, 1, 1])
([-1, 0, 0, 1, -1, 0, 1, 0, 0, 0], [3, 3, 0, 0, 3, 0, 18, 4, 2])
([1, 0, 0, 1, -1, 0, 1, -1, 0, 0], [13, 2, 0, 0, 2, 0, 0, 2, 2])
([-1, 0, 0, 1, -1, 0, 1, -1, 1, 0], [3, 8, 0, 0, 1, 0, 0, 0, 1])
([1, 0, 0, 0, 0, 0, 0, 0, 0, 0], [1, 1, 1, 1, 66, 1, 1, 1, 1])
([-1, 0, 0, 0, 0, 1, 0, 0, 0, 0], [11, 9, 11, 16, 0, 9, 14, 10, 12])
([1, 0, 0, 0, -1, 1, 0, 0, 0, 0], [7, 27, 1, 0, 0, 1, 1, 1, 1])
([-1, 0, 1, 0, -1, 1, 0, 0, 0, 0], [5, 0, 4, 0, 0, 7, 3, 3, 3])
([1, -1, 1, 0, -1, 1, 0, 0, 0, 0], [0, 0, 2, 0, 0, 3, 10, 1, 1])
([-1, -1, 1, 0, -1, 1, 0, 1, 0, 0], [0, 0, 5, 0, 0, 4, 0, 4, 4])
([1, -1, 1, -1, -1, 1, 0, 1, 0, 0], [0, 0, 0, 0, 0, 1, 0, 1, 5])
([-1, -1, 1, -1, -1, 1, 0, 1, 0, 1], [0, 0, 0, 0, 0, 2, 0, 2, 0])
([1, -1, 1, -1, -1, 1, -1, 1, 0, 1], [0, 0, 0, 0, 0, 0, 0, 3, 0])
([1, 0, 0, 0, 0, 0, 0, 0, 0, 0], [2, 5, 16, 1, 2, 1, 1, 1, 1])
([-1, 0, 0, 1, 0, 0, 0, 0, 0, 0], [2, 4, 0, 2, 1, 1, 1, 1, 1])
([1, 0, -1, 1, 0, 0, 0, 0, 0, 0], [5, 0, 0, 1, 1, 1, 2, 1, 1])
([-1, 0, -1, 1, 0, 1, 0, 0, 0, 0], [3, 0, 0, 3, 0, 3, 3, 2, 2])
([1, 0, -1, 1, 0, 1, 0, -1, 0, 0], [1, 0, 0, 3, 0, 1, 0, 1, 1])
([1, 0, 0, 0, 0, 0, 0, 0, 0, 0], [1, 1, 1, 1, 1, 1, 46, 1, 1])
([-1, 0, 0, 0, 0, 0, 0, 1, 0, 0], [10, 10, 10, 11, 10, 9, 0, 9, 11])
([1, 0, 0, -1, 0, 0, 0, 1, 0, 0], [1, 1, 0, 1, 1, 14, 0, 1, 1])
([-1, 0, 0, -1, 0, 0, 1, 1, 0, 0], [3, 3, 0, 2, 2, 0, 0, 2, 2])
([1, -1, 0, -1, 0, 0, 1, 1, 0, 0], [0, 3, 0, 6, 1, 0, 0, 1, 1])
([-1, 0, 0, 0, 0, 0, 0, 0, 0, 0], [3, 6, 78, 98, 1, 1, 1, 1, 1])
([1, 0, 0, -1, 0, 0, 0, 0, 0, 0], [6, 4, 0, 14, 23, 14, 6, 6, 6])
([-1, 0, 0, -1, 0, 0, 1, 0, 0, 0], [16, 1, 0, 1, 3, 0, 1, 1, 1])
([1, 0, 0, -1, 0, 0, 1, 0, 0, -1], [2, 2, 0, 2, 9, 0, 1, 1, 0])
([-1, 0, 0, -1, 1, 0, 1, 0, 0, -1], [2, 2, 0, 0, 3, 0, 13, 1, 0])
([1, 0, 0, -1, 1, 0, 1, -1, 0, -1], [2, 2, 0, 0, 7, 0, 0, 1, 0])
([1, 0, 0, 0, 0, 0, 0, 0, 0, 0], [1, 1, 12, 1, 1, 1, 1, 1, 1])
([-1, 0, 1, 0, 0, 0, 0, 0, 0, 0], [2, 0, 37, 1, 1, 1, 2, 1, 1])
([1, 0, 1, -1, 0, 0, 0, 0, 0, 0], [12, 0, 0, 3, 3, 2, 4, 14, 2])
([-1, 1, 1, -1, 0, 0, 0, 0, 0, 0], [0, 0, 0, 1, 24, 1, 1, 1, 1])
([1, 1, 1, -1, 0, -1, 0, 0, 0, 0], [0, 0, 0, 5, 0, 4, 4, 7, 3])
([-1, 1, 1, -1, 0, -1, 1, 0, 0, 0], [0, 0, 0, 1, 0, 0, 9, 1, 1])
([1, 0, 0, 0, 0, 0, 0, 0, 0, 0], [24, 5, 5, 1, 3, 1, 1, 1, 1])
([-1, 0, 1, 0, 0, 0, 0, 0, 0, 0], [2, 0, 24, 1, 1, 1, 2, 1, 1])
([1, 0, 1, 0, 0, 0, -1, 0, 0, 0], [3, 0, 80, 1, 1, 0, 1, 1, 1])
([-1, 0, 1, 1, 0, 0, -1, 0, 0, 0], [18, 0, 0, 15, 15, 0, 16, 15, 15])
([1, 0, 1, 1, 0, -1, -1, 0, 0, 0], [15, 0, 0, 1, 0, 0, 1, 1, 1])
([1, 0, 0, 0, 0, 0, 0, 0, 0, 0], [1, 1, 28, 1, 1, 1, 1, 1, 1])
([-1, 0, 0, 1, 0, 0, 0, 0, 0, 0], [20, 13, 0, 12, 16, 11, 16, 14, 11])
([1, 0, 0, 1, 0, -1, 0, 0, 0, 0], [10, 1, 0, 1, 0, 1, 3, 1, 1])
([-1, 0, 0, 1, 0, -1, 1, 0, 0, 0], [2, 2, 0, 3, 0, 0, 2, 5, 1])
([1, 0, 0, 1, 0, -1, 1, 0, -1, 0], [2, 10, 0, 1, 0, 0, 1, 0, 1])
([-1, 0, 1, 1, 0, -1, 1, 0, -1, 0], [5, 0, 0, 5, 0, 0, 4, 0, 4])
([1, 0, 1, 1, -1, -1, 1, 0, -1, 0], [5, 0, 0, 0, 0, 0, 1, 0, 1])
([-1, 0, 0, 0, 0, 0, 0, 0, 0, 0], [1, 1, 29, 1, 1, 1, 1, 1, 1])
([1, 0, 0, -1, 0, 0, 0, 0, 0, 0], [3, 3, 0, 5, 15, 15, 5, 9, 3])
([-1, 0, 0, -1, 0, 1, 0, 0, 0, 0], [15, 3, 0, 1, 0, 1, 1, 1, 1])
([1, -1, 0, -1, 0, 1, 0, 0, 0, 0], [0, 2, 0, 4, 0, 2, 5, 2, 2])
([-1, -1, 0, -1, 0, 1, 0, 0, 1, 0], [0, 10, 0, 1, 0, 1, 1, 0, 1])
([1, -1, -1, -1, 0, 1, 0, 0, 1, 0], [0, 0, 0, 7, 0, 2, 2, 0, 2])
([-1, -1, -1, -1, 0, 1, 0, 1, 1, 0], [0, 0, 0, 2, 0, 2, 0, 0, 6])
([1, -1, -1, -1, 0, 1, -1, 1, 1, 0], [0, 0, 0, 2, 0, 0, 0, 0, 4])
([1, 0, 0, 0, 0, 0, 0, 0, 0, 0], [1, 1, 1, 1, 29, 1, 1, 1, 1])
([-1, 0, 0, 0, 0, 0, 1, 0, 0, 0], [5, 3, 5, 3, 3, 0, 3, 3, 5])
([1, 0, 0, 0, 0, 0, 1, 0, 0, -1], [1, 1, 1, 1, 32, 0, 1, 1, 0])
([-1, 0, 0, 0, 0, 1, 1, 0, 0, -1], [5, 5, 5, 7, 0, 0, 5, 5, 0])
([1, 0, 0, -1, 0, 1, 1, 0, 0, -1], [1, 1, 0, 1, 0, 0, 9, 1, 0])
([-1, 0, 0, 0, 0, 0, 0, 0, 0, 0], [2, 2, 2, 2, 40, 1, 1, 1, 1])
([1, 0, 0, 0, 0, -1, 0, 0, 0, 0], [2, 2, 4, 3, 0, 2, 2, 2, 2])
([-1, 0, 0, 0, 0, -1, 0, 1, 0, 0], [16, 1, 1, 1, 0, 1, 0, 1, 1])
([1, -1, 0, 0, 0, -1, 0, 1, 0, 0], [0, 2, 3, 2, 0, 2, 0, 1, 3])
([-1, -1, 0, 0, 0, -1, 0, 1, 1, 0], [0, 2, 2, 2, 0, 2, 0, 0, 5])
([1, -1, 0, 0, -1, -1, 0, 1, 1, 0], [0, 1, 1, 0, 0, 1, 0, 0, 6])
([1, 0, 0, 0, 0, 0, 0, 0, 0, 0], [1, 1, 16, 1, 1, 1, 1, 1, 1])
([-1, 0, 0, 1, 0, 0, 0, 0, 0, 0], [7, 7, 0, 7, 9, 7, 9, 7, 5])
([1, 0, 0, 1, 0, 0, -1, 0, 0, 0], [1, 1, 0, 1, 1, 0, 34, 1, 1])
([-1, 0, 0, 1, 0, 0, -1, 0, 1, 0], [7, 5, 0, 6, 6, 0, 10, 0, 5])
([1, 0, 0, 1, -1, 0, -1, 0, 1, 0], [1, 1, 0, 0, 1, 0, 8, 0, 1])
([-1, 0, 0, 1, -1, 0, -1, 1, 1, 0], [3, 3, 0, 0, 2, 0, 0, 0, 2])
([1, -1, 0, 1, -1, 0, -1, 1, 1, 0], [0, 1, 0, 0, 6, 0, 0, 0, 1])
([-1, -1, 1, 1, -1, 0, -1, 1, 1, 0], [0, 0, 0, 0, 3, 0, 0, 0, 3])
([1, -1, 1, 1, -1, -1, -1, 1, 1, 0], [0, 0, 0, 0, 0, 0, 0, 0, 3])
([1, 0, 0, 0, 0, 0, 0, 0, 0, 0], [1, 1, 28, 1, 1, 1, 1, 1, 1])
([-1, 0, 0, 1, 0, 0, 0, 0, 0, 0], [5, 3, 0, 13, 7, 5, 3, 3, 7])
([1, 0, 0, 1, -1, 0, 0, 0, 0, 0], [17, 1, 0, 0, 1, 1, 1, 1, 1])
([-1, 1, 0, 1, -1, 0, 0, 0, 0, 0], [0, 6, 0, 0, 1, 1, 1, 1, 1])
([1, 1, 0, 1, -1, 0, -1, 0, 0, 0], [0, 19, 0, 0, 1, 0, 1, 1, 1])
([1, 0, 0, 0, 0, 0, 0, 0, 0, 0], [3, 3, 2, 2, 20, 1, 1, 1, 1])
([-1, 0, 0, 1, 0, 0, 0, 0, 0, 0], [4, 4, 0, 7, 6, 4, 6, 7, 4])
([1, -1, 0, 1, 0, 0, 0, 0, 0, 0], [0, 53, 0, 1, 1, 1, 1, 1, 1])
([-1, -1, 1, 1, 0, 0, 0, 0, 0, 0], [0, 0, 0, 14, 7, 7, 7, 8, 8])
([1, -1, 1, 1, 0, -1, 0, 0, 0, 0], [0, 0, 0, 1, 0, 1, 1, 18, 1])
([-1, -1, 1, 1, 0, -1, 0, 0, 1, 0], [0, 0, 0, 5, 0, 4, 4, 0, 4])
([1, -1, 1, 1, -1, -1, 0, 0, 1, 0], [0, 0, 0, 0, 0, 1, 5, 0, 1])
([-1, -1, 1, 1, -1, -1, 0, 0, 1, 1], [0, 0, 0, 0, 0, 3, 3, 0, 0])
([-1, 0, 0, 0, 0, 0, 0, 0, 0, 0], [1, 1, 1, 1, 54, 1, 1, 1, 1])
([1, 0, 0, 0, 0, -1, 0, 0, 0, 0], [3, 3, 5, 5, 0, 5, 5, 16, 14])
([-1, 0, 0, 0, 0, -1, 0, 0, 1, 0], [9, 2, 2, 2, 0, 19, 1, 0, 1])
([1, 0, -1, 0, 0, -1, 0, 0, 1, 0], [7, 0, 2, 3, 0, 9, 8, 0, 1])
([-1, 1, -1, 0, 0, -1, 0, 0, 1, 0], [0, 0, 1, 1, 0, 1, 8, 0, 1])
([1, 0, 0, 0, 0, 0, 0, 0, 0, 0], [3, 2, 2, 2, 73, 1, 1, 1, 1])
([-1, 0, 0, 0, 0, 1, 0, 0, 0, 0], [11, 11, 11, 10, 0, 17, 13, 11, 15])
([1, 0, 0, -1, 0, 1, 0, 0, 0, 0], [18, 9, 0, 1, 0, 1, 1, 1, 1])
([-1, 1, 0, -1, 0, 1, 0, 0, 0, 0], [0, 11, 0, 3, 0, 10, 3, 7, 7])
([1, 1, 0, -1, 0, 1, 0, 0, 0, -1], [0, 2, 0, 2, 0, 7, 1, 1, 0])
([-1, 1, 1, -1, 0, 1, 0, 0, 0, -1], [0, 0, 0, 1, 0, 1, 1, 3, 0])
([1, 0, 0, 0, 0, 0, 0, 0, 0, 0], [2, 3, 3, 3, 31, 1, 1, 1, 1])
([-1, 0, 1, 0, 0, 0, 0, 0, 0, 0], [3, 0, 32, 10, 3, 3, 7, 5, 6])
([1, 0, 1, -1, 0, 0, 0, 0, 0, 0], [4, 0, 0, 2, 7, 2, 2, 9, 4])
([-1, 0, 1, -1, 0, 1, 0, 0, 0, 0], [2, 0, 0, 3, 0, 2, 2, 2, 1])
([1, 0, 1, -1, 0, 1, -1, 0, 0, 0], [2, 0, 0, 2, 0, 0, 2, 2, 6])
([-1, 1, 1, -1, 0, 1, -1, 0, 0, 0], [0, 0, 0, 1, 0, 0, 1, 3, 1])
([-1, 0, 0, 0, 0, 0, 0, 0, 0, 0], [2, 5, 2, 3, 16, 7, 54, 1, 1])
([1, 0, 0, 0, 0, 0, 0, -1, 0, 0], [1, 1, 1, 6, 1, 1, 0, 1, 1])
([-1, 0, 0, 0, 1, 0, 0, -1, 0, 0], [1, 1, 1, 0, 12, 1, 0, 1, 1])
([1, 0, 0, 0, 1, 0, -1, -1, 0, 0], [1, 1, 6, 0, 1, 0, 0, 1, 1])
([-1, 0, 0, 0, 1, 1, -1, -1, 0, 0], [11, 1, 1, 0, 0, 0, 0, 1, 1])
([1, -1, 0, 0, 1, 1, -1, -1, 0, 0], [0, 4, 2, 0, 0, 0, 0, 2, 8])
([-1, -1, 0, 0, 1, 1, -1, -1, 0, 1], [0, 2, 2, 0, 0, 0, 0, 6, 0])
([1, -1, 0, 0, 1, 1, -1, -1, -1, 1], [0, 2, 4, 0, 0, 0, 0, 0, 0])
([1, 0, 0, 0, 0, 0, 0, 0, 0, 0], [2, 2, 3, 18, 1, 1, 1, 2, 1])
([-1, 0, 0, 0, 1, 0, 0, 0, 0, 0], [3, 3, 14, 0, 6, 3, 6, 2, 2])
([1, 0, 0, 0, 1, 0, 0, 0, -1, 0], [12, 3, 2, 0, 33, 2, 1, 0, 1])
([-1, 0, 0, 0, 1, 1, 0, 0, -1, 0], [4, 2, 7, 0, 0, 3, 2, 0, 2])
([1, 0, -1, 0, 1, 1, 0, 0, -1, 0], [1, 0, 3, 0, 0, 1, 1, 0, 1])
([1, 0, 0, 0, 0, 0, 0, 0, 0, 0], [48, 2, 10, 5, 3, 1, 1, 1, 1])
([-1, 0, 0, 0, 1, 0, 0, 0, 0, 0], [2, 2, 24, 0, 2, 2, 2, 2, 2])
([1, 0, 0, -1, 1, 0, 0, 0, 0, 0], [9, 1, 0, 0, 1, 1, 1, 2, 1])
([-1, 1, 0, -1, 1, 0, 0, 0, 0, 0], [0, 2, 0, 0, 2, 2, 4, 3, 7])
([1, 1, 0, -1, 1, 0, 0, -1, 0, 0], [0, 2, 0, 0, 2, 6, 0, 1, 1])
([-1, 1, 0, -1, 1, 0, 1, -1, 0, 0], [0, 2, 0, 0, 3, 0, 0, 1, 1])
([1, 1, -1, -1, 1, 0, 1, -1, 0, 0], [0, 0, 0, 0, 1, 0, 0, 1, 1])
([-1, 0, 0, 0, 0, 0, 0, 0, 0, 0], [2, 5, 85, 2, 2, 5, 2, 2, 2])
([1, 0, -1, 0, 0, 0, 0, 0, 0, 0], [1, 0, 1, 5, 1, 1, 1, 1, 1])
([-1, 0, -1, 0, 1, 0, 0, 0, 0, 0], [2, 0, 2, 0, 4, 1, 1, 1, 1])
([1, 0, -1, 0, 1, -1, 0, 0, 0, 0], [2, 0, 2, 0, 0, 1, 1, 2, 1])
([-1, 1, -1, 0, 1, -1, 0, 0, 0, 0], [0, 0, 4, 0, 0, 1, 1, 1, 1])
([1, 1, -1, -1, 1, -1, 0, 0, 0, 0], [0, 0, 0, 0, 0, 2, 2, 1, 1])
([-1, 1, -1, -1, 1, -1, 0, 0, 1, 0], [0, 0, 0, 0, 0, 1, 3, 0, 1])
([1, 0, 0, 0, 0, 0, 0, 0, 0, 0], [2, 5, 90, 1, 1, 1, 1, 1, 3])
([-1, 0, 0, 1, 0, 0, 0, 0, 0, 0], [8, 12, 0, 8, 12, 8, 11, 8, 11])
([1, 0, 0, 1, 0, -1, 0, 0, 0, 0], [1, 82, 0, 1, 0, 1, 1, 1, 1])
([-1, 0, 1, 1, 0, -1, 0, 0, 0, 0], [13, 0, 0, 15, 0, 13, 13, 13, 13])
([1, 0, 1, 1, 0, -1, 0, 0, -1, 0], [1, 0, 0, 19, 0, 1, 1, 0, 1])
([-1, 0, 1, 1, 0, -1, 0, 1, -1, 0], [4, 0, 0, 4, 0, 3, 0, 0, 3])
([1, 0, 1, 1, 0, -1, 0, 1, -1, -1], [1, 0, 0, 6, 0, 1, 0, 0, 0])
([-1, 0, 1, 1, 0, -1, 1, 1, -1, -1], [1, 0, 0, 1, 0, 0, 0, 0, 0])
([1, 0, 1, 1, -1, -1, 1, 1, -1, -1], [3, 0, 0, 0, 0, 0, 0, 0, 0])
([1, 0, 0, 0, 0, 0, 0, 0, 0, 0], [1, 1, 1, 1, 61, 1, 1, 1, 1])
([-1, 0, 0, 0, 0, 1, 0, 0, 0, 0], [13, 8, 12, 13, 0, 13, 15, 8, 8])
([1, 0, 0, 0, 0, 1, 0, 0, -1, 0], [21, 1, 1, 1, 0, 1, 1, 0, 1])
([-1, 0, 0, 0, 0, 1, 0, 0, -1, 1], [10, 9, 9, 10, 0, 12, 12, 0, 0])
([1, -1, 0, 0, 0, 1, 0, 0, -1, 1], [0, 3, 15, 1, 0, 1, 1, 0, 0])
([-1, -1, 1, 0, 0, 1, 0, 0, -1, 1], [0, 0, 2, 1, 0, 1, 2, 0, 0])
([1, -1, 1, 0, 0, 1, 0, -1, -1, 1], [0, 0, 2, 3, 0, 1, 0, 0, 0])
([-1, -1, 1, 0, 1, 1, 0, -1, -1, 1], [0, 0, 2, 0, 0, 2, 0, 0, 0])
([1, -1, 1, -1, 1, 1, 0, -1, -1, 1], [0, 0, 0, 0, 0, 1, 0, 0, 0])
([1, 0, 0, 0, 0, 0, 0, 0, 0, 0], [1, 1, 1, 1, 22, 1, 1, 1, 1])
([-1, 0, 0, 0, 0, 1, 0, 0, 0, 0], [15, 19, 11, 9, 0, 15, 9, 9, 18])
([1, 0, -1, 0, 0, 1, 0, 0, 0, 0], [1, 0, 1, 1, 0, 1, 11, 1, 1])
([-1, 0, -1, 0, 1, 1, 0, 0, 0, 0], [3, 0, 3, 0, 0, 3, 2, 2, 2])
([1, 0, -1, -1, 1, 1, 0, 0, 0, 0], [1, 0, 0, 0, 0, 3, 1, 1, 1])
([-1, 0, -1, -1, 1, 1, 0, 0, 0, 1], [3, 0, 0, 0, 0, 3, 2, 2, 0])
([1, -1, -1, -1, 1, 1, 0, 0, 0, 1], [0, 0, 0, 0, 0, 1, 1, 5, 0])
([-1, 0, 0, 0, 0, 0, 0, 0, 0, 0], [1, 1, 1, 1, 66, 1, 1, 1, 1])
([1, 0, 0, 0, 0, -1, 0, 0, 0, 0], [4, 4, 4, 4, 0, 4, 8, 4, 9])
([-1, 0, 0, 0, 0, -1, 1, 0, 0, 0], [11, 1, 2, 1, 0, 0, 1, 1, 1])
([1, -1, 0, 0, 0, -1, 1, 0, 0, 0], [0, 3, 2, 2, 0, 0, 2, 1, 1])
([-1, -1, 0, 1, 0, -1, 1, 0, 0, 0], [0, 4, 0, 1, 0, 0, 1, 1, 1])
([1, -1, 0, 1, 0, -1, 1, 0, -1, 0], [0, 2, 0, 2, 0, 0, 2, 0, 1])
([-1, -1, 1, 1, 0, -1, 1, 0, -1, 0], [0, 0, 0, 4, 0, 0, 1, 0, 1])
([1, 0, 0, 0, 0, 0, 0, 0, 0, 0], [1, 1, 23, 1, 1, 1, 1, 1, 1])
([-1, 0, 0, 1, 0, 0, 0, 0, 0, 0], [4, 5, 0, 3, 5, 3, 9, 5, 3])
([1, 0, 0, 1, 0, 0, 0, 0, -1, 0], [1, 1, 0, 10, 1, 1, 1, 0, 1])
([-1, 0, 0, 1, 1, 0, 0, 0, -1, 0], [3, 3, 0, 0, 2, 2, 2, 0, 2])
([1, 0, -1, 1, 1, 0, 0, 0, -1, 0], [2, 0, 0, 0, 2, 1, 1, 0, 1])
([-1, 1, -1, 1, 1, 0, 0, 0, -1, 0], [0, 0, 0, 0, 1, 1, 1, 0, 1])
([1, 0, 0, 0, 0, 0, 0, 0, 0, 0], [1, 1, 1, 1, 69, 1, 1, 1, 1])
([-1, 0, 0, 0, 0, 1, 0, 0, 0, 0], [12, 12, 10, 10, 0, 13, 27, 13, 15])
([1, 0, 0, 0, 0, 1, 0, 0, -1, 0], [30, 1, 1, 1, 0, 1, 1, 0, 1])
([-1, 1, 0, 0, 0, 1, 0, 0, -1, 0], [0, 2, 4, 2, 0, 2, 2, 0, 2])
([1, 1, -1, 0, 0, 1, 0, 0, -1, 0], [0, 0, 7, 1, 0, 1, 1, 0, 1])
([-1, 1, -1, 1, 0, 1, 0, 0, -1, 0], [0, 0, 0, 3, 0, 3, 2, 0, 2])
([1, 1, -1, 1, 0, 1, 0, 0, -1, -1], [0, 0, 0, 3, 0, 1, 1, 0, 0])
([1, 0, 0, 0, 0, 0, 0, 0, 0, 0], [1, 1, 1, 1, 58, 1, 1, 1, 1])
([-1, 0, 0, 0, 0, 1, 0, 0, 0, 0], [8, 7, 10, 6, 0, 6, 16, 12, 6])
([1, 0, 0, 0, 0, 1, -1, 0, 0, 0], [1, 1, 35, 1, 0, 0, 1, 1, 1])
([-1, 0, 0, 1, 0, 1, -1, 0, 0, 0], [3, 3, 0, 2, 0, 0, 2, 2, 2])
([1, 0, -1, 1, 0, 1, -1, 0, 0, 0], [1, 0, 0, 1, 0, 0, 8, 1, 1])
([1, 0, 0, 0, 0, 0, 0, 0, 0, 0], [1, 1, 1, 1, 28, 1, 1, 1, 1])
([-1, 0, 1, 0, 0, 0, 0, 0, 0, 0], [3, 0, 17, 3, 6, 5, 5, 3, 3])
([1, 0, 1, -1, 0, 0, 0, 0, 0, 0], [5, 0, 0, 5, 8, 5, 5, 26, 18])
([-1, 0, 1, -1, 0, 0, 0, 0, 1, 0], [1, 0, 0, 1, 7, 1, 1, 0, 1])
([1, 0, 1, -1, 0, -1, 0, 0, 1, 0], [2, 0, 0, 2, 0, 7, 2, 0, 1])
([-1, 0, 1, -1, 0, -1, 0, 1, 1, 0], [3, 0, 0, 3, 0, 2, 0, 0, 2])
([1, -1, 1, -1, 0, -1, 0, 1, 1, 0], [0, 0, 0, 1, 0, 1, 0, 0, 5])
([1, 0, 0, 0, 0, 0, 0, 0, 0, 0], [1, 1, 1, 1, 60, 1, 1, 1, 1])
([-1, 0, 0, 0, 0, 1, 0, 0, 0, 0], [3, 3, 3, 3, 0, 3, 5, 3, 4])
([1, 0, 0, 0, 0, 1, 0, 0, 0, -1], [1, 19, 1, 1, 0, 1, 1, 1, 0])
([-1, 0, 1, 0, 0, 1, 0, 0, 0, -1], [2, 0, 5, 1, 0, 1, 1, 1, 0])
([1, -1, 1, 0, 0, 1, 0, 0, 0, -1], [0, 0, 1, 1, 0, 1, 1, 4, 0])
([-1, -1, 1, 0, 0, 1, 0, 0, 1, -1], [0, 0, 2, 1, 0, 1, 2, 0, 0])
([1, -1, 1, -1, 0, 1, 0, 0, 1, -1], [0, 0, 0, 1, 0, 1, 1, 0, 0])
([-1, -1, 1, -1, 0, 1, 1, 0, 1, -1], [0, 0, 0, 2, 0, 0, 2, 0, 0])
([1, -1, 1, -1, -1, 1, 1, 0, 1, -1], [0, 0, 0, 0, 0, 0, 1, 0, 0])
([1, 0, 0, 0, 0, 0, 0, 0, 0, 0], [2, 2, 3, 2, 87, 1, 1, 1, 1])
([-1, 0, 0, 0, 0, 1, 0, 0, 0, 0], [11, 10, 10, 9, 0, 11, 9, 13, 9])
([1, 0, 0, -1, 0, 1, 0, 0, 0, 0], [1, 1, 0, 1, 0, 10, 1, 1, 1])
([-1, 0, 1, -1, 0, 1, 0, 0, 0, 0], [2, 0, 0, 2, 0, 9, 1, 1, 2])
([1, 0, 1, -1, 0, 1, -1, 0, 0, 0], [2, 0, 0, 2, 0, 0, 2, 2, 7])
([-1, 0, 1, -1, 0, 1, -1, 0, 0, 1], [2, 0, 0, 2, 0, 0, 2, 1, 0])
([1, 0, 1, -1, -1, 1, -1, 0, 0, 1], [1, 0, 0, 0, 0, 0, 3, 1, 0])
([-1, 1, 1, -1, -1, 1, -1, 0, 0, 1], [0, 0, 0, 0, 0, 0, 1, 3, 0])
([-1, 0, 0, 0, 0, 0, 0, 0, 0, 0], [1, 1, 1, 1, 14, 1, 1, 1, 1])
([1, 0, 0, 0, 0, -1, 0, 0, 0, 0], [3, 3, 7, 3, 0, 3, 5, 3, 10])
([-1, 0, 0, 0, 0, -1, 0, 0, 1, 0], [2, 2, 3, 3, 0, 13, 1, 0, 2])
([1, 0, 0, -1, 0, -1, 0, 0, 1, 0], [2, 2, 0, 2, 0, 7, 10, 0, 1])
([-1, 0, 0, -1, 0, -1, 1, 0, 1, 0], [2, 3, 0, 2, 0, 0, 1, 0, 1])
([-1, 0, 0, 0, 0, 0, 0, 0, 0, 0], [59, 1, 1, 1, 3, 1, 1, 1, 1])
([1, -1, 0, 0, 0, 0, 0, 0, 0, 0], [0, 4, 9, 9, 13, 4, 13, 4, 9])
([-1, -1, 0, 0, 0, 0, 0, 1, 0, 0], [0, 1, 1, 1, 8, 1, 0, 1, 1])
([1, -1, 0, 0, 0, 0, -1, 1, 0, 0], [0, 2, 2, 4, 3, 0, 0, 2, 2])
([-1, -1, 0, 0, 1, 0, -1, 1, 0, 0], [0, 4, 1, 0, 1, 0, 0, 1, 1])
([1, -1, 0, 0, 1, 0, -1, 1, 0, -1], [0, 4, 8, 0, 4, 0, 0, 2, 0])
([-1, -1, 0, 1, 1, 0, -1, 1, 0, -1], [0, 2, 0, 0, 6, 0, 0, 2, 0])
([1, -1, -1, 1, 1, 0, -1, 1, 0, -1], [0, 0, 0, 0, 3, 0, 0, 1, 0])
([1, 0, 0, 0, 0, 0, 0, 0, 0, 0], [3, 2, 5, 5, 1, 1, 1, 1, 1])
([-1, 0, 0, 1, 0, 0, 0, 0, 0, 0], [9, 9, 0, 9, 11, 7, 9, 7, 11])
([1, 0, 0, 1, 0, 0, 0, 0, -1, 0], [1, 86, 0, 1, 1, 1, 1, 0, 1])
([-1, 0, 1, 1, 0, 0, 0, 0, -1, 0], [12, 0, 0, 11, 11, 11, 11, 0, 11])
([1, 0, 1, 1, -1, 0, 0, 0, -1, 0], [18, 0, 0, 0, 1, 1, 1, 0, 1])
([-1, 0, 1, 1, -1, 1, 0, 0, -1, 0], [6, 0, 0, 0, 0, 5, 5, 0, 4])
([1, 0, 1, 1, -1, 1, 0, -1, -1, 0], [5, 0, 0, 0, 0, 1, 0, 0, 1])
([-1, 0, 1, 1, -1, 1, 1, -1, -1, 0], [4, 0, 0, 0, 0, 0, 0, 0, 2])
([1, 0, 0, 0, 0, 0, 0, 0, 0, 0], [1, 1, 1, 1, 69, 1, 1, 1, 1])
([-1, 0, 0, 0, 0, 1, 0, 0, 0, 0], [6, 6, 12, 4, 0, 4, 4, 8, 6])
([1, 0, -1, 0, 0, 1, 0, 0, 0, 0], [1, 0, 1, 8, 0, 1, 1, 1, 1])
([-1, 0, -1, 0, 1, 1, 0, 0, 0, 0], [3, 0, 3, 0, 0, 2, 2, 2, 2])
([1, 0, -1, -1, 1, 1, 0, 0, 0, 0], [1, 0, 0, 0, 0, 3, 1, 1, 1])
([-1, 1, -1, -1, 1, 1, 0, 0, 0, 0], [0, 0, 0, 0, 0, 1, 1, 3, 1])
([1, 1, -1, -1, 1, 1, 0, 0, -1, 0], [0, 0, 0, 0, 0, 1, 1, 0, 1])
([-1, 0, 0, 0, 0, 0, 0, 0, 0, 0], [3, 2, 14, 2, 12, 10, 19, 1, 1])
([1, 0, 0, 0, 0, 0, 0, -1, 0, 0], [4, 6, 2, 42, 2, 2, 0, 4, 2])
([-1, 0, 0, 0, 1, 0, 0, -1, 0, 0], [9, 1, 1, 0, 7, 1, 0, 1, 1])
([1, 0, -1, 0, 1, 0, 0, -1, 0, 0], [2, 0, 2, 0, 9, 1, 0, 1, 1])
([-1, 1, -1, 0, 1, 0, 0, -1, 0, 0], [0, 0, 1, 0, 3, 1, 0, 1, 1])
([1, 1, -1, 0, 1, 0, 0, -1, 0, -1], [0, 0, 1, 0, 1, 1, 0, 1, 0])
([-1, 1, -1, 1, 1, 0, 0, -1, 0, -1], [0, 0, 0, 0, 1, 1, 0, 1, 0])
([1, 1, -1, 1, 1, 0, 0, -1, -1, -1], [0, 0, 0, 0, 1, 1, 0, 0, 0])
([-1, 0, 0, 0, 0, 0, 0, 0, 0, 0], [6, 2, 21, 2, 2, 2, 76, 2, 8])
([1, 0, 0, 0, 0, 0, 0, -1, 0, 0], [9, 10, 16, 9, 10, 10, 0, 8, 14])
([-1, 0, 0, 1, 0, 0, 0, -1, 0, 0], [1, 1, 0, 82, 1, 1, 0, 1, 1])
([1, 0, 0, 1, -1, 0, 0, -1, 0, 0], [15, 15, 0, 0, 15, 14, 0, 14, 14])
([-1, 0, 0, 1, -1, 0, 0, -1, 1, 0], [20, 1, 0, 0, 1, 1, 0, 0, 1])
([-1, 0, 0, 0, 0, 0, 0, 0, 0, 0], [5, 2, 149, 1, 1, 1, 1, 1, 1])
([1, 0, 0, -1, 0, 0, 0, 0, 0, 0], [2, 2, 0, 8, 9, 6, 4, 4, 4])
([-1, 0, 0, -1, 1, 0, 0, 0, 0, 0], [25, 1, 0, 0, 1, 1, 1, 3, 1])
([1, -1, 0, -1, 1, 0, 0, 0, 0, 0], [0, 3, 0, 0, 7, 3, 3, 11, 3])
([-1, -1, 0, -1, 1, 0, 0, 0, 1, 0], [0, 2, 0, 0, 10, 2, 2, 0, 2])
([1, -1, -1, -1, 1, 0, 0, 0, 1, 0], [0, 0, 0, 0, 3, 2, 1, 0, 2])
([-1, -1, -1, -1, 1, 1, 0, 0, 1, 0], [0, 0, 0, 0, 0, 3, 2, 0, 2])
([1, -1, -1, -1, 1, 1, 0, -1, 1, 0], [0, 0, 0, 0, 0, 2, 0, 0, 3])
([-1, 0, 0, 0, 0, 0, 0, 0, 0, 0], [36, 1, 1, 1, 1, 1, 2, 1, 1])
([1, -1, 0, 0, 0, 0, 0, 0, 0, 0], [0, 2, 2, 4, 5, 2, 2, 2, 2])
([-1, -1, 0, 0, 1, 0, 0, 0, 0, 0], [0, 2, 2, 0, 5, 9, 7, 1, 1])
([1, -1, 0, 0, 1, 0, 0, 0, 0, -1], [0, 1, 1, 0, 1, 1, 10, 1, 0])
([-1, -1, 0, 0, 1, 0, 0, 1, 0, -1], [0, 2, 2, 0, 8, 2, 0, 2, 0])
([1, -1, -1, 0, 1, 0, 0, 1, 0, -1], [0, 0, 2, 0, 1, 3, 0, 1, 0])
([-1, -1, -1, 1, 1, 0, 0, 1, 0, -1], [0, 0, 0, 0, 1, 1, 0, 1, 0])
([1, -1, -1, 1, 1, 0, -1, 1, 0, -1], [0, 0, 0, 0, 3, 0, 0, 1, 0])
([-1, -1, -1, 1, 1, 0, -1, 1, 1, -1], [0, 0, 0, 0, 1, 0, 0, 0, 0])
([1, 0, 0, 0, 0, 0, 0, 0, 0, 0], [1, 1, 1, 1, 75, 1, 1, 1, 1])
([-1, 0, 0, 0, 0, 1, 0, 0, 0, 0], [6, 14, 6, 6, 0, 8, 6, 6, 10])
([1, 0, -1, 0, 0, 1, 0, 0, 0, 0], [2, 0, 7, 1, 0, 1, 1, 1, 1])
([-1, 1, -1, 0, 0, 1, 0, 0, 0, 0], [0, 0, 3, 6, 0, 3, 21, 2, 2])
([1, 1, -1, -1, 0, 1, 0, 0, 0, 0], [0, 0, 0, 2, 0, 3, 18, 1, 1])
([-1, 1, -1, -1, 0, 1, 0, 1, 0, 0], [0, 0, 0, 2, 0, 2, 0, 4, 6])
([1, 1, -1, -1, 0, 1, 0, 1, 0, -1], [0, 0, 0, 1, 0, 6, 0, 1, 0])
