([1, -1, 1, 1, 0, -1, 0, -1, 0, 1], [0, 0, 0, 6, 0, 1, 0, 1, 0])
([1, 0, 0, 0, 0, 0, 0, 0, 0, 0], [1, 1, 7, 1, 1, 1, 1, 1, 1])
([-1, 0, 0, 0, 0, 1, 0, 0, 0, 0], [4, 4, 5, 4, 0, 5, 3, 3, 7])
([1, 0, 0, -1, 0, 1, 0, 0, 0, 0], [1, 1, 0, 1, 0, 1, 1, 1, 34])
([-1, 0, 0, -1, 0, 1, 0, 1, 0, 0], [3, 6, 0, 3, 0, 17, 0, 2, 2])
([1, 0, 0, -1, 0, 1, -1, 1, 0, 0], [2, 2, 0, 2, 0, 0, 0, 13, 2])
([-1, 0, 0, -1, 0, 1, -1, 1, 1, 0], [2, 2, 0, 2, 0, 0, 0, 0, 7])
([1, 0, 0, 0, 0, 0, 0, 0, 0, 0], [2, 31, 1, 1, 1, 1, 1, 1, 2])
([-1, 0, 1, 0, 0, 0, 0, 0, 0, 0], [3, 0, 3, 2, 28, 2, 2, 2, 2])
([1, 0, 1, 0, 0, 0, 0, 0, 0, -1], [3, 0, 3, 16, 19, 1, 1, 1, 0])
([-1, 0, 1, 0, 1, 0, 0, 0, 0, -1], [4, 0, 15, 0, 4, 4, 7, 4, 0])
([1, 0, 1, 0, 1, 0, -1, 0, 0, -1], [1, 0, 19, 0, 1, 0, 1, 1, 0])
([1, 0, 0, 0, 0, 0, 0, 0, 0, 0], [2, 3, 2, 9, 40, 1, 1, 1, 1])
([-1, 0, 0, 0, 1, 0, 0, 0, 0, 0], [4, 3, 2, 0, 2, 2, 2, 16, 2])
([1, 0, 0, -1, 1, 0, 0, 0, 0, 0], [2, 2, 0, 0, 9, 1, 1, 2, 1])
([-1, 0, 0, -1, 1, 1, 0, 0, 0, 0], [5, 3, 0, 0, 0, 7, 3, 6, 3])
([1, -1, 0, -1, 1, 1, 0, 0, 0, 0], [0, 1, 0, 0, 0, 7, 1, 1, 1])
([1, 0, 0, 0, 0, 0, 0, 0, 0, 0], [1, 1, 1, 1, 1, 1, 56, 1, 1])
([-1, 0, 0, 0, 0, 0, 0, 1, 0, 0], [11, 6, 6, 9, 11, 7, 0, 6, 9])
([1, -1, 0, 0, 0, 0, 0, 1, 0, 0], [0, 1, 1, 20, 1, 1, 0, 1, 1])
([-1, -1, 0, 0, 1, 0, 0, 1, 0, 0], [0, 5, 5, 0, 9, 5, 0, 5, 5])
([1, -1, 0, 0, 1, 0, 0, 1, -1, 0], [0, 2, 6, 0, 1, 1, 0, 0, 1])
([-1, -1, 1, 0, 1, 0, 0, 1, -1, 0], [0, 0, 2, 0, 2, 1, 0, 0, 1])
([1, -1, 1, -1, 1, 0, 0, 1, -1, 0], [0, 0, 0, 0, 1, 1, 0, 0, 1])
([-1, -1, 1, -1, 1, 0, 1, 1, -1, 0], [0, 0, 0, 0, 3, 0, 0, 0, 1])
([1, 0, 0, 0, 0, 0, 0, 0, 0, 0], [2, 5, 3, 7, 2, 3, 88, 1, 1])
([-1, 0, 0, 0, 0, 0, 0, 1, 0, 0], [8, 6, 8, 6, 4, 8, 0, 4, 4])
([1, 0, 0, 0, 0, 0, 0, 1, 0, -1], [1, 1, 28, 1, 1, 1, 0, 1, 0])
([-1, 0, 0, 1, 0, 0, 0, 1, 0, -1], [3, 3, 0, 3, 3, 2, 0, 2, 0])
([1, 0, -1, 1, 0, 0, 0, 1, 0, -1], [8, 0, 0, 1, 1, 1, 0, 1, 0])
([-1, 1, -1, 1, 0, 0, 0, 1, 0, -1], [0, 0, 0, 3, 2, 2, 0, 2, 0])
([1, 1, -1, 1, 0, 0, -1, 1, 0, -1], [0, 0, 0, 3, 1, 0, 0, 1, 0])
([-1, 1, -1, 1, 1, 0, -1, 1, 0, -1], [0, 0, 0, 0, 1, 0, 0, 1, 0])
([1, 1, -1, 1, 1, 0, -1, 1, -1, -1], [0, 0, 0, 0, 1, 0, 0, 0, 0])
([1, 0, 0, 0, 0, 0, 0, 0, 0, 0], [3, 29, 1, 1, 1, 2, 1, 1, 1])
([-1, 0, 1, 0, 0, 0, 0, 0, 0, 0], [14, 0, 10, 10, 18, 14, 10, 6, 10])
([1, 0, 1, -1, 0, 0, 0, 0, 0, 0], [1, 0, 0, 1, 1, 1, 1, 26, 1])
([-1, 0, 1, -1, 0, 0, 0, 0, 1, 0], [2, 0, 0, 2, 8, 1, 1, 0, 2])
([1, -1, 1, -1, 0, 0, 0, 0, 1, 0], [0, 0, 0, 4, 2, 1, 1, 0, 1])
([-1, -1, 1, -1, 0, 0, 0, 0, 1, 1], [0, 0, 0, 2, 3, 2, 5, 0, 0])
([1, -1, 1, -1, 0, 0, 0, -1, 1, 1], [0, 0, 0, 1, 4, 1, 0, 0, 0])
([-1, -1, 1, -1, 1, 0, 0, -1, 1, 1], [0, 0, 0, 0, 3, 1, 0, 0, 0])
([1, -1, 1, -1, 1, 0, -1, -1, 1, 1], [0, 0, 0, 0, 1, 0, 0, 0, 0])
([1, 0, 0, 0, 0, 0, 0, 0, 0, 0], [2, 5, 3, 3, 54, 1, 1, 1, 1])
([-1, 0, 0, 0, 0, 1, 0, 0, 0, 0], [4, 4, 11, 4, 0, 5, 4, 3, 3])
([1, 0, 0, 0, 0, 1, -1, 0, 0, 0], [2, 7, 9, 1, 0, 0, 1, 1, 1])
([-1, 0, 1, 0, 0, 1, -1, 0, 0, 0], [3, 0, 7, 1, 0, 0, 1, 1, 1])
([1, 0, 1, -1, 0, 1, -1, 0, 0, 0], [2, 0, 0, 4, 0, 0, 2, 4, 2])
([-1, 0, 1, -1, 0, 1, -1, 0, 1, 0], [5, 0, 0, 5, 0, 0, 2, 0, 1])
([1, 0, 1, -1, 0, 1, -1, -1, 1, 0], [1, 0, 0, 1, 0, 0, 0, 0, 1])
([-1, 0, 1, -1, 1, 1, -1, -1, 1, 0], [1, 0, 0, 0, 0, 0, 0, 0, 3])
([1, 0, 0, 0, 0, 0, 0, 0, 0, 0], [1, 1, 1, 1, 1, 12, 1, 1, 1])
([-1, 0, 0, 0, 0, 0, 1, 0, 0, 0], [7, 8, 6, 18, 6, 0, 18, 16, 16])
([1, 0, 0, 0, 0, 0, 1, 0, 0, -1], [11, 1, 5, 1, 1, 0, 1, 1, 0])
([-1, 1, 0, 0, 0, 0, 1, 0, 0, -1], [0, 3, 3, 3, 7, 0, 8, 4, 0])
([1, 1, 0, 0, 0, -1, 1, 0, 0, -1], [0, 2, 10, 1, 0, 0, 1, 1, 0])
([-1, 1, 1, 0, 0, -1, 1, 0, 0, -1], [0, 0, 4, 1, 0, 0, 1, 1, 0])
([1, 1, 1, -1, 0, -1, 1, 0, 0, -1], [0, 0, 0, 2, 0, 0, 2, 2, 0])
([-1, 1, 1, -1, 0, -1, 1, 0, 1, -1], [0, 0, 0, 2, 0, 0, 4, 0, 0])
([1, 0, 0, 0, 0, 0, 0, 0, 0, 0], [1, 1, 1, 7, 1, 1, 1, 1, 1])
([-1, 0, 0, 0, 0, 0, 0, 0, 1, 0], [23, 7, 21, 7, 26, 26, 21, 0, 21])
([1, -1, 0, 0, 0, 0, 0, 0, 1, 0], [0, 9, 2, 33, 1, 1, 1, 0, 1])
([-1, -1, 0, 0, 1, 0, 0, 0, 1, 0], [0, 3, 1, 0, 1, 1, 2, 0, 1])
([1, -1, 0, 0, 1, 0, 0, -1, 1, 0], [0, 2, 10, 0, 1, 1, 0, 0, 1])
([-1, -1, 0, 1, 1, 0, 0, -1, 1, 0], [0, 4, 0, 0, 3, 3, 0, 0, 3])
([1, -1, -1, 1, 1, 0, 0, -1, 1, 0], [0, 0, 0, 0, 3, 1, 0, 0, 1])
([1, 0, 0, 0, 0, 0, 0, 0, 0, 0], [3, 5, 37, 1, 1, 2, 1, 1, 1])
([-1, 0, 0, 1, 0, 0, 0, 0, 0, 0], [3, 11, 0, 3, 3, 3, 7, 3, 3])
([1, 0, -1, 1, 0, 0, 0, 0, 0, 0], [9, 0, 0, 1, 1, 1, 1, 1, 1])
([-1, 0, -1, 1, 0, 0, 0, 0, 1, 0], [1, 0, 0, 1, 1, 1, 5, 0, 1])
([1, 0, -1, 1, 0, 0, 0, 0, 1, -1], [5, 0, 0, 2, 1, 1, 1, 0, 0])
([-1, 0, -1, 1, 0, 0, 1, 0, 1, -1], [2, 0, 0, 2, 2, 0, 7, 0, 0])
([1, 0, -1, 1, 0, -1, 1, 0, 1, -1], [3, 0, 0, 2, 0, 0, 1, 0, 0])
([-1, 0, -1, 1, 1, -1, 1, 0, 1, -1], [1, 0, 0, 0, 0, 0, 1, 0, 0])
([1, -1, -1, 1, 1, -1, 1, 0, 1, -1], [0, 0, 0, 0, 0, 0, 3, 0, 0])
([1, 0, 0, 0, 0, 0, 0, 0, 0, 0], [2, 2, 2, 3, 3, 3, 61, 1, 1])
([-1, 0, 0, 0, 0, 0, 0, 1, 0, 0], [11, 7, 7, 9, 15, 7, 0, 14, 7])
([1, -1, 0, 0, 0, 0, 0, 1, 0, 0], [0, 1, 35, 1, 1, 1, 0, 1, 1])
([-1, -1, 0, 0, 1, 0, 0, 1, 0, 0], [0, 2, 2, 0, 2, 2, 0, 4, 2])
([1, -1, 0, 0, 1, 0, 0, 1, -1, 0], [0, 2, 6, 0, 1, 2, 0, 0, 1])
([-1, -1, 0, 1, 1, 0, 0, 1, -1, 0], [0, 2, 0, 0, 4, 2, 0, 0, 2])
([1, -1, -1, 1, 1, 0, 0, 1, -1, 0], [0, 0, 0, 0, 3, 1, 0, 0, 1])
([-1, -1, -1, 1, 1, 0, 1, 1, -1, 0], [0, 0, 0, 0, 1, 0, 0, 0, 1])
([1, 0, 0, 0, 0, 0, 0, 0, 0, 0], [36, 2, 76, 1, 1, 1, 1, 1, 3])
([-1, 0, 0, 1, 0, 0, 0, 0, 0, 0], [3, 5, 0, 2, 2, 4, 2, 2, 2])
([1, 0, 0, 1, 0, 0, -1, 0, 0, 0], [38, 1, 0, 1, 3, 0, 1, 1, 1])
([-1, 1, 0, 1, 0, 0, -1, 0, 0, 0], [0, 8, 0, 7, 7, 0, 7, 9, 7])
([1, 1, 0, 1, 0, 0, -1, 0, 0, -1], [0, 18, 0, 1, 1, 0, 1, 1, 0])
([1, 0, 0, 0, 0, 0, 0, 0, 0, 0], [3, 3, 35, 1, 1, 1, 3, 1, 1])
([-1, 0, 0, 1, 0, 0, 0, 0, 0, 0], [6, 4, 0, 14, 4, 4, 18, 6, 4])
([1, 0, 0, 1, 0, 0, 0, -1, 0, 0], [2, 3, 0, 17, 1, 1, 0, 1, 1])
([-1, 0, 0, 1, 1, 0, 0, -1, 0, 0], [3, 3, 0, 0, 2, 2, 0, 2, 2])
([1, 0, 0, 1, 1, 0, -1, -1, 0, 0], [2, 14, 0, 0, 1, 0, 0, 3, 1])
([-1, 1, 0, 1, 1, 0, -1, -1, 0, 0], [0, 2, 0, 0, 2, 0, 0, 1, 1])
([1, 1, -1, 1, 1, 0, -1, -1, 0, 0], [0, 0, 0, 0, 1, 0, 0, 1, 1])
([-1, 1, -1, 1, 1, 0, -1, -1, 0, 1], [0, 0, 0, 0, 1, 0, 0, 1, 0])
([1, 0, 0, 0, 0, 0, 0, 0, 0, 0], [1, 1, 1, 1, 157, 1, 1, 1, 1])
([-1, 0, 0, 0, 0, 1, 0, 0, 0, 0], [7, 12, 5, 7, 0, 5, 10, 5, 5])
([1, 0, 0, 0, -1, 1, 0, 0, 0, 0], [1, 1, 1, 0, 0, 1, 11, 1, 1])
([-1, 0, 0, 0, -1, 1, 0, 1, 0, 0], [3, 3, 3, 0, 0, 2, 0, 2, 2])
([1, 0, 0, 0, -1, 1, 0, 1, -1, 0], [1, 4, 1, 0, 0, 1, 0, 0, 1])
([-1, 0, 1, 0, -1, 1, 0, 1, -1, 0], [2, 0, 2, 0, 0, 2, 0, 0, 1])
([1, -1, 1, 0, -1, 1, 0, 1, -1, 0], [0, 0, 1, 0, 0, 5, 0, 0, 1])
([1, 0, 0, 0, 0, 0, 0, 0, 0, 0], [2, 42, 1, 1, 3, 1, 1, 1, 1])
([-1, 0, 1, 0, 0, 0, 0, 0, 0, 0], [3, 0, 25, 1, 1, 1, 2, 1, 1])
([1, 0, 1, -1, 0, 0, 0, 0, 0, 0], [2, 0, 0, 2, 5, 7, 29, 2, 3])
([-1, 0, 1, -1, 0, 0, 0, 1, 0, 0], [2, 0, 0, 2, 2, 2, 0, 8, 1])
([1, 0, 1, -1, -1, 0, 0, 1, 0, 0], [1, 0, 0, 0, 1, 1, 0, 15, 1])
([-1, 0, 1, -1, -1, 0, 0, 1, 1, 0], [3, 0, 0, 0, 3, 2, 0, 0, 2])
([1, 0, 1, -1, -1, -1, 0, 1, 1, 0], [1, 0, 0, 0, 0, 3, 0, 0, 1])
([-1, 1, 1, -1, -1, -1, 0, 1, 1, 0], [0, 0, 0, 0, 0, 3, 0, 0, 2])
([1, 1, 1, -1, -1, -1, -1, 1, 1, 0], [0, 0, 0, 0, 0, 0, 0, 0, 3])
([1, 0, 0, 0, 0, 0, 0, 0, 0, 0], [3, 2, 3, 18, 1, 1, 3, 1, 1])
([-1, 0, 0, 0, 0, 0, 0, 1, 0, 0], [7, 20, 16, 7, 16, 7, 0, 18, 7])
([1, 0, 0, 0, 0, 0, 0, 1, -1, 0], [2, 7, 34, 1, 1, 1, 0, 0, 1])
([-1, 0, 0, 1, 0, 0, 0, 1, -1, 0], [3, 4, 0, 3, 6, 2, 0, 0, 2])
([1, 0, 0, 1, 0, 0, -1, 1, -1, 0], [1, 1, 0, 1, 1, 0, 0, 0, 10])
([-1, 0, 0, 1, 0, 0, -1, 1, -1, 1], [3, 3, 0, 3, 3, 0, 0, 0, 0])
([1, 0, 0, 1, 0, -1, -1, 1, -1, 1], [3, 1, 0, 1, 0, 0, 0, 0, 0])
([-1, 1, 0, 1, 0, -1, -1, 1, -1, 1], [0, 1, 0, 1, 0, 0, 0, 0, 0])
([1, 0, 0, 0, 0, 0, 0, 0, 0, 0], [1, 1, 1, 1, 1, 1, 1, 68, 1])
([-1, 0, 0, 0, 0, 0, 0, 0, 1, 0], [12, 14, 36, 9, 9, 8, 20, 0, 8])
([1, 0, 0, 0, 0, 0, 0, -1, 1, 0], [2, 2, 5, 5, 14, 2, 0, 0, 2])
([-1, 0, 0, 0, 0, 1, 0, -1, 1, 0], [2, 2, 2, 2, 0, 14, 0, 0, 1])
([1, 0, 0, 0, 0, 1, -1, -1, 1, 0], [7, 3, 8, 1, 0, 0, 0, 0, 1])
([-1, 0, 1, 0, 0, 1, -1, -1, 1, 0], [3, 0, 2, 1, 0, 0, 0, 0, 2])
([1, -1, 1, 0, 0, 1, -1, -1, 1, 0], [0, 0, 2, 3, 0, 0, 0, 0, 1])
([-1, -1, 1, 0, 1, 1, -1, -1, 1, 0], [0, 0, 3, 0, 0, 0, 0, 0, 1])
([1, -1, 1, -1, 1, 1, -1, -1, 1, 0], [0, 0, 0, 0, 0, 0, 0, 0, 1])
([1, 0, 0, 0, 0, 0, 0, 0, 0, 0], [2, 3, 13, 1, 1, 1, 1, 1, 1])
([-1, 0, 0, 1, 0, 0, 0, 0, 0, 0], [4, 6, 0, 9, 5, 3, 7, 3, 3])
([1, 0, -1, 1, 0, 0, 0, 0, 0, 0], [2, 0, 0, 2, 5, 7, 1, 1, 1])
([-1, 0, -1, 1, 0, 0, 0, 1, 0, 0], [3, 0, 0, 3, 2, 2, 0, 2, 2])
([1, -1, -1, 1, 0, 0, 0, 1, 0, 0], [0, 0, 0, 1, 1, 1, 0, 8, 1])
([-1, -1, -1, 1, 0, 0, 0, 1, 1, 0], [0, 0, 0, 3, 2, 2, 0, 0, 2])
([1, -1, -1, 1, 0, 0, -1, 1, 1, 0], [0, 0, 0, 1, 5, 0, 0, 0, 1])
([1, 0, 0, 0, 0, 0, 0, 0, 0, 0], [1, 1, 1, 1, 1, 1, 1, 26, 1])
([-1, 0, 0, 0, 0, 0, 1, 0, 0, 0], [6, 6, 6, 12, 12, 0, 12, 15, 11])
([1, 0, 0, 0, 0, 0, 1, 0, -1, 0], [1, 1, 1, 1, 1, 0, 24, 0, 1])
([-1, 0, 0, 0, 0, 0, 1, 1, -1, 0], [6, 3, 3, 3, 3, 0, 0, 0, 2])
([1, 0, 0, 0, -1, 0, 1, 1, -1, 0], [1, 1, 1, 0, 8, 0, 0, 0, 1])
([1, 0, 0, 0, 0, 0, 0, 0, 0, 0], [3, 2, 11, 1, 1, 1, 1, 1, 2])
([-1, 0, 0, 0, 0, 0, 0, 0, 0, 1], [7, 12, 3, 10, 3, 3, 59, 7, 0])
([1, 0, 0, 0, 0, 0, -1, 0, 0, 1], [3, 5, 2, 20, 3, 0, 1, 1, 0])
([-1, 0, 0, 0, 1, 0, -1, 0, 0, 1], [4, 2, 6, 0, 4, 0, 4, 2, 0])
([1, 0, 0, 0, 1, 0, -1, 0, -1, 1], [2, 10, 1, 0, 1, 0, 1, 0, 0])
([-1, 0, 0, 1, 1, 0, -1, 0, -1, 1], [2, 3, 0, 0, 1, 0, 2, 0, 0])
([1, 0, 0, 1, 1, 0, -1, -1, -1, 1], [5, 1, 0, 0, 1, 0, 0, 0, 0])
([-1, 1, 0, 1, 1, 0, -1, -1, -1, 1], [0, 3, 0, 0, 2, 0, 0, 0, 0])
([1, 1, -1, 1, 1, 0, -1, -1, -1, 1], [0, 0, 0, 0, 1, 0, 0, 0, 0])
([1, 0, 0, 0, 0, 0, 0, 0, 0, 0], [2, 2, 2, 3, 2, 58, 1, 34, 1])
([-1, 0, 0, 0, 1, 0, 0, 0, 0, 0], [3, 4, 1, 0, 3, 1, 1, 1, 1])
([1, 0, 0, 0, 1, 0, 0, 0, -1, 0], [1, 21, 1, 0, 1, 1, 1, 0, 1])
([-1, 0, 1, 0, 1, 0, 0, 0, -1, 0], [2, 0, 5, 0, 1, 1, 1, 0, 1])
([1, -1, 1, 0, 1, 0, 0, 0, -1, 0], [0, 0, 19, 0, 1, 1, 1, 0, 1])
([1, 0, 0, 0, 0, 0, 0, 0, 0, 0], [2, 5, 2, 14, 2, 2, 85, 1, 1])
([-1, 0, 0, 0, 0, 0, 0, 1, 0, 0], [19, 10, 27, 8, 8, 23, 0, 10, 8])
([1, 0, 0, -1, 0, 0, 0, 1, 0, 0], [3, 3, 0, 2, 2, 11, 0, 1, 1])
([-1, 0, 0, -1, 0, 1, 0, 1, 0, 0], [3, 3, 0, 3, 0, 2, 0, 2, 2])
([1, 0, 0, -1, 0, 1, 0, 1, 0, -1], [2, 2, 0, 5, 0, 7, 0, 1, 0])
([-1, 0, 0, -1, 1, 1, 0, 1, 0, -1], [4, 3, 0, 0, 0, 2, 0, 2, 0])
([1, 0, 0, 0, 0, 0, 0, 0, 0, 0], [7, 41, 2, 1, 1, 1, 1, 1, 1])
([-1, 0, 1, 0, 0, 0, 0, 0, 0, 0], [3, 0, 13, 2, 2, 2, 2, 2, 2])
([1, 0, 1, 0, 0, -1, 0, 0, 0, 0], [1, 0, 82, 1, 0, 1, 1, 1, 1])
([-1, 0, 1, 1, 0, -1, 0, 0, 0, 0], [7, 0, 0, 7, 0, 7, 6, 6, 6])
([1, -1, 1, 1, 0, -1, 0, 0, 0, 0], [0, 0, 0, 1, 0, 1, 1, 19, 1])
([-1, -1, 1, 1, 0, -1, 0, 0, 1, 0], [0, 0, 0, 3, 0, 3, 5, 0, 5])
([1, -1, 1, 1, 0, -1, 0, -1, 1, 0], [0, 0, 0, 6, 0, 1, 0, 0, 1])
([1, 0, 0, 0, 0, 0, 0, 0, 0, 0], [2, 31, 2, 1, 1, 1, 1, 1, 1])
([-1, 0, 0, 0, 0, 0, 0, 1, 0, 0], [9, 13, 16, 9, 16, 7, 0, 16, 7])
([1, 0, -1, 0, 0, 0, 0, 1, 0, 0], [1, 0, 1, 1, 41, 1, 0, 1, 1])
([-1, 1, -1, 0, 0, 0, 0, 1, 0, 0], [0, 0, 3, 3, 4, 2, 0, 4, 6])
([1, 1, -1, 0, 0, -1, 0, 1, 0, 0], [0, 0, 1, 1, 0, 1, 0, 8, 1])
([-1, 1, -1, 0, 0, -1, 0, 1, 1, 0], [0, 0, 3, 2, 0, 2, 0, 0, 2])
([1, 1, -1, 0, -1, -1, 0, 1, 1, 0], [0, 0, 1, 0, 0, 1, 0, 0, 5])
([1, 0, 0, 0, 0, 0, 0, 0, 0, 0], [1, 1, 29, 1, 1, 1, 1, 1, 1])
([-1, 0, 0, 1, 0, 0, 0, 0, 0, 0], [3, 3, 0, 1, 1, 3, 1, 1, 1])
([1, -1, 0, 1, 0, 0, 0, 0, 0, 0], [0, 2, 0, 3, 32, 1, 1, 1, 1])
([-1, -1, 0, 1, 0, 1, 0, 0, 0, 0], [0, 3, 0, 8, 0, 2, 2, 2, 2])
([1, -1, 0, 1, -1, 1, 0, 0, 0, 0], [0, 1, 0, 0, 0, 1, 1, 14, 1])
([-1, -1, 0, 1, -1, 1, 0, 0, 1, 0], [0, 4, 0, 0, 0, 3, 8, 0, 2])
([1, -1, 0, 1, -1, 1, -1, 0, 1, 0], [0, 3, 0, 0, 0, 0, 5, 0, 1])
([-1, -1, 1, 1, -1, 1, -1, 0, 1, 0], [0, 0, 0, 0, 0, 0, 4, 0, 2])
([1, 0, 0, 0, 0, 0, 0, 0, 0, 0], [7, 2, 2, 2, 70, 1, 1, 1, 1])
([-1, 0, 0, 0, 0, 1, 0, 0, 0, 0], [2, 2, 2, 4, 0, 2, 4, 2, 2])
([1, -1, 0, 0, 0, 1, 0, 0, 0, 0], [0, 3, 37, 1, 0, 1, 1, 1, 1])
([-1, -1, 0, 1, 0, 1, 0, 0, 0, 0], [0, 5, 0, 7, 0, 7, 7, 5, 5])
([1, -1, 0, 1, 0, 1, 0, -1, 0, 0], [0, 2, 0, 10, 0, 1, 0, 1, 1])
([1, 0, 0, 0, 0, 0, 0, 0, 0, 0], [2, 103, 2, 1, 1, 1, 1, 1, 1])
([-1, 0, 0, 0, 0, 0, 0, 0, 0, 1], [16, 8, 14, 7, 12, 5, 19, 10, 0])
([1, 0, 0, -1, 0, 0, 0, 0, 0, 1], [1, 1, 0, 1, 1, 1, 1, 43, 0])
([-1, 0, 0, -1, 0, 0, 0, 0, 1, 1], [5, 5, 0, 5, 5, 5, 16, 0, 0])
([1, 0, 0, -1, 0, 0, -1, 0, 1, 1], [7, 2, 0, 3, 8, 0, 1, 0, 0])
([-1, 1, 0, -1, 0, 0, -1, 0, 1, 1], [0, 2, 0, 2, 2, 0, 7, 0, 0])
([1, 1, 0, -1, -1, 0, -1, 0, 1, 1], [0, 1, 0, 0, 1, 0, 5, 0, 0])
([-1, 1, 1, -1, -1, 0, -1, 0, 1, 1], [0, 0, 0, 0, 3, 0, 2, 0, 0])
([1, 1, 1, -1, -1, 0, -1, -1, 1, 1], [0, 0, 0, 0, 3, 0, 0, 0, 0])
([1, 0, 0, 0, 0, 0, 0, 0, 0, 0], [1, 1, 1, 1, 39, 1, 1, 1, 1])
([-1, 0, 0, 0, 0, 1, 0, 0, 0, 0], [8, 5, 5, 14, 0, 10, 5, 6, 4])
([1, 0, 0, 0, 0, 1, 0, 0, 0, -1], [3, 23, 1, 1, 0, 1, 1, 2, 0])
([-1, 0, 1, 0, 0, 1, 0, 0, 0, -1], [4, 0, 4, 7, 0, 3, 3, 3, 0])
([1, 0, 1, 0, -1, 1, 0, 0, 0, -1], [1, 0, 1, 0, 0, 1, 12, 1, 0])
([-1, 0, 1, 0, -1, 1, 0, 1, 0, -1], [3, 0, 3, 0, 0, 2, 0, 2, 0])
([1, -1, 1, 0, -1, 1, 0, 1, 0, -1], [0, 0, 1, 0, 0, 5, 0, 1, 0])
([-1, -1, 1, 0, -1, 1, 0, 1, 1, -1], [0, 0, 3, 0, 0, 2, 0, 0, 0])
([1, -1, 1, -1, -1, 1, 0, 1, 1, -1], [0, 0, 0, 0, 0, 1, 0, 0, 0])
([1, 0, 0, 0, 0, 0, 0, 0, 0, 0], [2, 3, 2, 2, 3, 3, 67, 1, 1])
([-1, 0, 0, 0, 0, 0, 0, 1, 0, 0], [5, 5, 14, 5, 5, 12, 0, 16, 5])
([1, -1, 0, 0, 0, 0, 0, 1, 0, 0], [0, 1, 1, 1, 1, 1, 0, 12, 1])
([-1, -1, 0, 1, 0, 0, 0, 1, 0, 0], [0, 7, 0, 6, 6, 6, 0, 6, 6])
([1, -1, 0, 1, 0, 0, 0, 1, -1, 0], [0, 1, 0, 7, 1, 1, 0, 0, 1])
([-1, -1, 0, 1, 1, 0, 0, 1, -1, 0], [0, 4, 0, 0, 3, 3, 0, 0, 3])
([1, -1, 0, 1, 1, -1, 0, 1, -1, 0], [0, 1, 0, 0, 0, 3, 0, 0, 1])
([-1, -1, 0, 1, 1, -1, 1, 1, -1, 0], [0, 1, 0, 0, 0, 0, 0, 0, 1])
([1, -1, 0, 1, 1, -1, 1, 1, -1, -1], [0, 3, 0, 0, 0, 0, 0, 0, 0])
([1, 0, 0, 0, 0, 0, 0, 0, 0, 0], [3, 50, 1, 3, 1, 1, 1, 1, 1])
([-1, 0, 1, 0, 0, 0, 0, 0, 0, 0], [2, 0, 17, 1, 2, 1, 1, 1, 1])
([1, 0, 1, -1, 0, 0, 0, 0, 0, 0], [2, 0, 0, 5, 4, 2, 9, 2, 2])
([-1, 0, 1, -1, 0, 0, 1, 0, 0, 0], [12, 0, 0, 2, 2, 0, 6, 1, 1])
([1, 0, 1, -1, 0, 0, 1, -1, 0, 0], [3, 0, 0, 2, 3, 0, 0, 1, 1])
([-1, 1, 1, -1, 0, 0, 1, -1, 0, 0], [0, 0, 0, 2, 5, 0, 0, 1, 3])
([1, 1, 1, -1, 0, 0, 1, -1, 0, -1], [0, 0, 0, 2, 3, 0, 0, 1, 0])
([1, 0, 0, 0, 0, 0, 0, 0, 0, 0], [2, 2, 16, 1, 1, 1, 1, 1, 1])
([-1, 1, 0, 0, 0, 0, 0, 0, 0, 0], [0, 9, 2, 2, 2, 2, 2, 12, 1])
([1, 1, 0, 0, 0, 0, 0, 0, -1, 0], [0, 1, 24, 1, 1, 1, 1, 0, 1])
([-1, 1, 0, 1, 0, 0, 0, 0, -1, 0], [0, 7, 0, 4, 4, 3, 3, 0, 3])
([1, 1, 0, 1, 0, -1, 0, 0, -1, 0], [0, 16, 0, 1, 0, 1, 1, 0, 1])
([1, 0, 0, 0, 0, 0, 0, 0, 0, 0], [8, 3, 13, 1, 1, 1, 1, 20, 1])
([-1, 0, 0, 1, 0, 0, 0, 0, 0, 0], [4, 5, 0, 5, 4, 4, 4, 4, 5])
([1, 0, 0, 1, 0, -1, 0, 0, 0, 0], [2, 45, 0, 1, 0, 1, 1, 1, 1])
([-1, 0, 1, 1, 0, -1, 0, 0, 0, 0], [8, 0, 0, 6, 0, 6, 6, 6, 6])
([1, 0, 1, 1, -1, -1, 0, 0, 0, 0], [20, 0, 0, 0, 0, 1, 1, 1, 1])
([-1, 0, 1, 1, -1, -1, 0, 0, 0, 1], [8, 0, 0, 0, 0, 4, 4, 4, 0])
([1, 0, 1, 1, -1, -1, -1, 0, 0, 1], [1, 0, 0, 0, 0, 0, 3, 1, 0])
([1, 0, 0, 0, 0, 0, 0, 0, 0, 0], [2, 5, 10, 7, 63, 1, 1, 1, 1])
([-1, 0, 0, 0, 0, 1, 0, 0, 0, 0], [12, 10, 16, 12, 0, 12, 30, 12, 10])
([1, 0, 0, 0, 0, 1, 0, 0, 0, -1], [1, 18, 1, 1, 0, 1, 1, 1, 0])
([-1, 0, 0, 0, 0, 1, 0, 0, 1, -1], [7, 7, 13, 7, 0, 7, 9, 0, 0])
([1, 0, 0, 0, 0, 1, 0, -1, 1, -1], [1, 1, 1, 8, 0, 1, 0, 0, 0])
([-1, 0, 0, 0, 1, 1, 0, -1, 1, -1], [5, 4, 4, 0, 0, 4, 0, 0, 0])
([1, 0, 0, -1, 1, 1, 0, -1, 1, -1], [1, 1, 0, 0, 0, 5, 0, 0, 0])
([-1, 0, 1, -1, 1, 1, 0, -1, 1, -1], [2, 0, 0, 0, 0, 2, 0, 0, 0])
([1, 0, 0, 0, 0, 0, 0, 0, 0, 0], [2, 37, 1, 1, 1, 1, 1, 1, 2])
([-1, 0, 1, 0, 0, 0, 0, 0, 0, 0], [2, 0, 12, 1, 1, 1, 1, 2, 1])
([1, 0, 1, -1, 0, 0, 0, 0, 0, 0], [4, 0, 0, 4, 3, 10, 2, 2, 2])
([-1, 1, 1, -1, 0, 0, 0, 0, 0, 0], [0, 0, 0, 13, 1, 1, 1, 1, 2])
([1, 1, 1, -1, -1, 0, 0, 0, 0, 0], [0, 0, 0, 0, 2, 15, 2, 7, 4])
([-1, 1, 1, -1, -1, 0, 1, 0, 0, 0], [0, 0, 0, 0, 2, 0, 6, 2, 2])
([1, 1, 1, -1, -1, 0, 1, -1, 0, 0], [0, 0, 0, 0, 3, 0, 0, 2, 2])
([1, 0, 0, 0, 0, 0, 0, 0, 0, 0], [2, 2, 15, 2, 1, 1, 1, 1, 1])
([-1, 0, 0, 1, 0, 0, 0, 0, 0, 0], [6, 6, 0, 14, 8, 6, 8, 12, 8])
([1, -1, 0, 1, 0, 0, 0, 0, 0, 0], [0, 35, 0, 1, 1, 1, 1, 1, 1])
([-1, -1, 1, 1, 0, 0, 0, 0, 0, 0], [0, 0, 0, 8, 8, 9, 8, 9, 8])
([1, -1, 1, 1, 0, 0, 0, 0, -1, 0], [0, 0, 0, 18, 1, 1, 3, 0, 1])
([-1, -1, 1, 1, 0, 0, 0, 1, -1, 0], [0, 0, 0, 5, 4, 4, 0, 0, 4])
([1, -1, 1, 1, 0, 0, -1, 1, -1, 0], [0, 0, 0, 1, 5, 0, 0, 0, 1])
([1, 0, 0, 0, 0, 0, 0, 0, 0, 0], [1, 1, 14, 1, 1, 1, 1, 1, 1])
([-1, 0, 0, 1, 0, 0, 0, 0, 0, 0], [3, 3, 0, 2, 8, 2, 16, 6, 2])
([1, 0, 0, 1, 0, -1, 0, 0, 0, 0], [2, 59, 0, 1, 0, 1, 3, 1, 1])
([-1, 0, 1, 1, 0, -1, 0, 0, 0, 0], [13, 0, 0, 15, 0, 13, 13, 13, 13])
([1, 0, 1, 1, -1, -1, 0, 0, 0, 0], [15, 0, 0, 0, 0, 1, 1, 1, 1])
([1, 0, 0, 0, 0, 0, 0, 0, 0, 0], [1, 1, 1, 25, 1, 1, 1, 1, 1])
([-1, 0, 0, 0, 1, 0, 0, 0, 0, 0], [4, 2, 40, 0, 2, 2, 4, 2, 2])
([1, 0, 0, -1, 1, 0, 0, 0, 0, 0], [3, 2, 0, 0, 2, 2, 5, 47, 2])
([-1, 0, 0, -1, 1, 0, 0, 0, 1, 0], [2, 2, 0, 0, 3, 2, 8, 0, 1])
([1, 0, 0, -1, 1, 0, 0, -1, 1, 0], [3, 2, 0, 0, 7, 1, 0, 0, 1])
([-1, 0, 1, -1, 1, 0, 0, -1, 1, 0], [1, 0, 0, 0, 3, 1, 0, 0, 1])
([1, 0, 0, 0, 0, 0, 0, 0, 0, 0], [2, 5, 5, 1, 1, 1, 1, 2, 1])
([-1, 0, 0, 0, 0, 0, 0, 1, 0, 0], [8, 8, 34, 8, 14, 31, 0, 16, 8])
([1, 0, 0, 0, 0, -1, 0, 1, 0, 0], [1, 1, 16, 1, 0, 1, 0, 1, 1])
([-1, 0, 0, 0, 0, -1, 0, 1, 1, 0], [3, 3, 2, 2, 0, 2, 0, 0, 2])
([1, 0, 0, -1, 0, -1, 0, 1, 1, 0], [1, 1, 0, 1, 0, 1, 0, 0, 7])
([-1, 1, 0, -1, 0, -1, 0, 1, 1, 0], [0, 3, 0, 3, 0, 2, 0, 0, 2])
([1, 1, 0, -1, 0, -1, 0, 1, 1, -1], [0, 2, 0, 2, 0, 2, 0, 0, 0])
([1, 0, 0, 0, 0, 0, 0, 0, 0, 0], [2, 5, 22, 2, 2, 3, 5, 3, 2])
([-1, 0, 1, 0, 0, 0, 0, 0, 0, 0], [5, 0, 29, 5, 3, 3, 7, 22, 3])
([1, 0, 1, -1, 0, 0, 0, 0, 0, 0], [2, 0, 0, 2, 7, 2, 4, 19, 7])
([-1, 0, 1, -1, 0, 0, 0, 1, 0, 0], [1, 0, 0, 1, 1, 1, 0, 9, 1])
([1, 0, 1, -1, 0, 0, 0, 1, -1, 0], [2, 0, 0, 2, 3, 2, 0, 0, 1])
([-1, 0, 1, -1, 0, 0, 1, 1, -1, 0], [3, 0, 0, 4, 2, 0, 0, 0, 2])
([1, 0, 1, -1, -1, 0, 1, 1, -1, 0], [3, 0, 0, 0, 2, 0, 0, 0, 1])
([1, 0, 0, 0, 0, 0, 0, 0, 0, 0], [2, 2, 70, 1, 9, 1, 1, 1, 1])
([-1, 0, 0, 1, 0, 0, 0, 0, 0, 0], [4, 3, 0, 2, 2, 2, 2, 2, 2])
([1, -1, 0, 1, 0, 0, 0, 0, 0, 0], [0, 2, 0, 14, 1, 1, 1, 1, 1])
([-1, -1, 0, 1, 1, 0, 0, 0, 0, 0], [0, 3, 0, 0, 2, 2, 2, 2, 2])
([1, -1, 0, 1, 1, 0, 0, 0, 0, -1], [0, 1, 0, 0, 11, 1, 1, 1, 0])
([1, 0, 0, 0, 0, 0, 0, 0, 0, 0], [1, 1, 37, 1, 1, 1, 1, 1, 1])
([-1, 0, 0, 1, 0, 0, 0, 0, 0, 0], [5, 4, 0, 5, 5, 4, 4, 5, 3])
([1, 0, 0, 1, 0, 0, 0, 0, -1, 0], [1, 49, 0, 1, 1, 1, 1, 0, 1])
([-1, 0, 1, 1, 0, 0, 0, 0, -1, 0], [15, 0, 0, 13, 13, 13, 13, 0, 13])
([1, 0, 1, 1, 0, -1, 0, 0, -1, 0], [15, 0, 0, 1, 0, 1, 1, 0, 1])
([1, 0, 0, 0, 0, 0, 0, 0, 0, 0], [3, 16, 1, 1, 2, 1, 1, 1, 1])
([-1, 0, 0, 0, 1, 0, 0, 0, 0, 0], [7, 7, 11, 0, 5, 5, 5, 13, 5])
([1, 0, 0, 0, 1, 0, 0, 0, -1, 0], [2, 5, 9, 0, 1, 1, 1, 0, 2])
([-1, 0, 0, 0, 1, 0, 0, 0, -1, 1], [3, 4, 8, 0, 2, 2, 4, 0, 0])
([1, -1, 0, 0, 1, 0, 0, 0, -1, 1], [0, 12, 1, 0, 1, 1, 2, 0, 0])
([-1, -1, 1, 0, 1, 0, 0, 0, -1, 1], [0, 0, 4, 0, 2, 2, 2, 0, 0])
([1, -1, 1, 0, 1, 0, 0, -1, -1, 1], [0, 0, 1, 0, 4, 1, 0, 0, 0])
([-1, -1, 1, 0, 1, 1, 0, -1, -1, 1], [0, 0, 3, 0, 0, 2, 0, 0, 0])
([1, -1, 1, -1, 1, 1, 0, -1, -1, 1], [0, 0, 0, 0, 0, 1, 0, 0, 0])
([1, 0, 0, 0, 0, 0, 0, 0, 0, 0], [1, 45, 1, 1, 1, 1, 1, 1, 1])
([-1, 0, 1, 0, 0, 0, 0, 0, 0, 0], [11, 0, 11, 5, 7, 5, 10, 5, 7])
([1, 0, 1, 0, 0, 0, 0, -1, 0, 0], [2, 0, 87, 1, 1, 1, 0, 1, 1])
([-1, 0, 1, 1, 0, 0, 0, -1, 0, 0], [16, 0, 0, 16, 15, 15, 0, 14, 14])
([1, -1, 1, 1, 0, 0, 0, -1, 0, 0], [0, 0, 0, 19, 1, 2, 0, 1, 1])
([1, 0, 0, 0, 0, 0, 0, 0, 0, 0], [1, 1, 1, 1, 40, 1, 1, 1, 1])
([-1, 0, 0, 0, 0, 1, 0, 0, 0, 0], [3, 6, 4, 4, 0, 3, 6, 2, 2])
([1, 0, 0, 0, 0, 1, 0, 0, -1, 0], [1, 1, 33, 1, 0, 1, 1, 0, 1])
([-1, 0, 0, 1, 0, 1, 0, 0, -1, 0], [8, 7, 0, 7, 0, 6, 6, 0, 6])
([1, 0, 0, 1, 0, 1, -1, 0, -1, 0], [1, 1, 0, 8, 0, 0, 1, 0, 1])
([1, 0, 0, 0, 0, 0, 0, 0, 0, 0], [2, 2, 3, 3, 7, 2, 68, 1, 1])
([-1, 0, 0, 0, 0, 0, 0, 1, 0, 0], [7, 5, 5, 5, 9, 7, 0, 5, 5])
([1, 0, 0, 0, 0, -1, 0, 1, 0, 0], [1, 1, 1, 1, 0, 1, 0, 11, 1])
([-1, 0, 1, 0, 0, -1, 0, 1, 0, 0], [4, 0, 3, 2, 0, 2, 0, 2, 6])
([1, 0, 1, 0, 0, -1, 0, 1, 0, -1], [1, 0, 1, 1, 0, 3, 0, 1, 0])
([-1, 0, 1, 0, 0, -1, 1, 1, 0, -1], [1, 0, 1, 1, 0, 0, 0, 1, 0])
([1, 0, 1, 0, 0, -1, 1, 1, -1, -1], [1, 0, 3, 1, 0, 0, 0, 0, 0])
([-1, 0, 1, 0, 1, -1, 1, 1, -1, -1], [1, 0, 1, 0, 0, 0, 0, 0, 0])
([1, 0, 0, 0, 0, 0, 0, 0, 0, 0], [9, 53, 3, 1, 1, 1, 1, 1, 1])
([-1, 0, 1, 0, 0, 0, 0, 0, 0, 0], [7, 0, 3, 14, 3, 7, 3, 11, 3])
([1, 0, 1, 0, -1, 0, 0, 0, 0, 0], [29, 0, 1, 0, 1, 1, 1, 1, 1])
([-1, 1, 1, 0, -1, 0, 0, 0, 0, 0], [0, 0, 14, 0, 2, 2, 2, 2, 2])
([1, 1, 1, 0, -1, 0, 0, 0, -1, 0], [0, 0, 17, 0, 1, 1, 1, 0, 1])
([1, 0, 0, 0, 0, 0, 0, 0, 0, 0], [5, 5, 3, 2, 2, 35, 1, 1, 1])
([-1, 0, 0, 0, 0, 0, 1, 0, 0, 0], [4, 4, 4, 6, 6, 0, 25, 15, 11])
([1, 0, 0, 0, 0, 0, 1, 0, 0, -1], [21, 1, 1, 1, 1, 0, 1, 1, 0])
([-1, 1, 0, 0, 0, 0, 1, 0, 0, -1], [0, 10, 10, 8, 8, 0, 11, 6, 0])
([1, 1, -1, 0, 0, 0, 1, 0, 0, -1], [0, 0, 2, 5, 1, 0, 1, 1, 0])
([-1, 1, -1, 1, 0, 0, 1, 0, 0, -1], [0, 0, 0, 1, 1, 0, 6, 1, 0])
([1, 1, -1, 1, 0, 0, 1, -1, 0, -1], [0, 0, 0, 3, 2, 0, 0, 2, 0])
([-1, 1, -1, 1, 0, 0, 1, -1, 1, -1], [0, 0, 0, 4, 2, 0, 0, 0, 0])
([1, 0, 0, 0, 0, 0, 0, 0, 0, 0], [5, 3, 5, 2, 3, 12, 53, 1, 1])
([-1, 1, 0, 0, 0, 0, 0, 0, 0, 0], [0, 9, 3, 2, 2, 3, 19, 3, 3])
([1, 1, 0, 0, 0, 0, 0, -1, 0, 0], [0, 3, 15, 2, 3, 3, 0, 3, 2])
([-1, 1, 0, 1, 0, 0, 0, -1, 0, 0], [0, 3, 0, 2, 1, 1, 0, 1, 1])
([1, 1, 0, 1, 0, 0, -1, -1, 0, 0], [0, 16, 0, 1, 1, 0, 0, 1, 1])
([1, 0, 0, 0, 0, 0, 0, 0, 0, 0], [2, 2, 3, 2, 2, 66, 3, 2, 2])
([-1, 1, 0, 0, 0, 0, 0, 0, 0, 0], [0, 2, 28, 1, 3, 1, 1, 1, 1])
([1, 1, 0, -1, 0, 0, 0, 0, 0, 0], [0, 2, 0, 2, 25, 13, 2, 11, 2])
([-1, 1, 0, -1, 0, 1, 0, 0, 0, 0], [0, 21, 0, 2, 0, 2, 2, 2, 2])
([1, 1, -1, -1, 0, 1, 0, 0, 0, 0], [0, 0, 0, 1, 0, 7, 1, 1, 1])
([-1, 1, -1, -1, 0, 1, 1, 0, 0, 0], [0, 0, 0, 4, 0, 0, 2, 2, 2])
([1, 1, -1, -1, -1, 1, 1, 0, 0, 0], [0, 0, 0, 0, 0, 0, 3, 1, 1])
([1, 0, 0, 0, 0, 0, 0, 0, 0, 0], [2, 2, 4, 2, 2, 2, 7, 2, 3])
([-1, 0, 0, 0, 0, 0, 0, 1, 0, 0], [5, 5, 5, 6, 5, 5, 0, 7, 4])
([1, 0, 0, 0, -1, 0, 0, 1, 0, 0], [1, 1, 10, 0, 1, 1, 0, 1, 1])
([-1, 0, 1, 0, -1, 0, 0, 1, 0, 0], [7, 0, 7, 0, 7, 6, 0, 10, 6])
([1, 0, 1, 0, -1, 0, 0, 1, -1, 0], [3, 0, 3, 0, 4, 1, 0, 0, 1])
([-1, 0, 1, 0, -1, 0, 0, 1, -1, 1], [2, 0, 7, 0, 2, 1, 0, 0, 0])
([1, 0, 1, 0, -1, 0, -1, 1, -1, 1], [1, 0, 6, 0, 1, 0, 0, 0, 0])
([-1, 0, 1, 1, -1, 0, -1, 1, -1, 1], [3, 0, 0, 0, 3, 0, 0, 0, 0])
([1, -1, 1, 1, -1, 0, -1, 1, -1, 1], [0, 0, 0, 0, 3, 0, 0, 0, 0])
([1, 0, 0, 0, 0, 0, 0, 0, 0, 0], [7, 2, 27, 1, 1, 1, 1, 1, 1])
([-1, 0, 0, 1, 0, 0, 0, 0, 0, 0], [5, 5, 0, 7, 4, 4, 7, 5, 3])
([1, 0, 0, 1, -1, 0, 0, 0, 0, 0], [5, 44, 0, 0, 1, 1, 1, 1, 1])
([-1, 0, 1, 1, -1, 0, 0, 0, 0, 0], [8, 0, 0, 0, 8, 8, 7, 7, 7])
([1, 0, 1, 1, -1, 0, 0, -1, 0, 0], [15, 0, 0, 0, 1, 1, 0, 1, 1])
([1, 0, 0, 0, 0, 0, 0, 0, 0, 0], [1, 1, 69, 1, 1, 1, 1, 1, 1])
([-1, 0, 0, 1, 0, 0, 0, 0, 0, 0], [2, 3, 0, 1, 1, 1, 2, 1, 1])
([1, 0, 0, 1, 0, 0, 0, -1, 0, 0], [5, 82, 0, 1, 1, 1, 0, 1, 1])
([-1, 0, 1, 1, 0, 0, 0, -1, 0, 0], [15, 0, 0, 15, 15, 15, 0, 15, 14])
([1, 0, 1, 1, 0, 0, -1, -1, 0, 0], [1, 0, 0, 20, 1, 0, 0, 1, 1])
([1, 0, 0, 0, 0, 0, 0, 0, 0, 0], [1, 1, 1, 1, 34, 1, 1, 1, 1])
([-1, 0, 0, 0, 0, 1, 0, 0, 0, 0], [25, 10, 9, 11, 0, 11, 13, 9, 23])
([1, 0, 0, 0, 0, 1, 0, 0, 0, -1], [1, 1, 1, 1, 0, 29, 1, 1, 0])
([-1, 0, 0, 0, 0, 1, 1, 0, 0, -1], [4, 3, 3, 3, 0, 0, 3, 3, 0])
([1, 0, 0, 0, -1, 1, 1, 0, 0, -1], [13, 1, 1, 0, 0, 0, 1, 1, 0])
([-1, 0, 1, 0, -1, 1, 1, 0, 0, -1], [3, 0, 2, 0, 0, 0, 1, 1, 0])
([1, 0, 1, -1, -1, 1, 1, 0, 0, -1], [1, 0, 0, 0, 0, 0, 1, 1, 0])
([-1, 0, 1, -1, -1, 1, 1, 0, 1, -1], [2, 0, 0, 0, 0, 0, 2, 0, 0])
([1, 0, 1, -1, -1, 1, 1, -1, 1, -1], [1, 0, 0, 0, 0, 0, 0, 0, 0])
([1, 0, 0, 0, 0, 0, 0, 0, 0, 0], [5, 2, 55, 1, 1, 1, 2, 1, 1])
([-1, 0, 0, 1, 0, 0, 0, 0, 0, 0], [2, 3, 0, 1, 1, 1, 1, 1, 1])
([1, 0, 0, 1, 0, 0, 0, 0, 0, -1], [2, 61, 0, 1, 1, 1, 1, 1, 0])
([-1, 0, 1, 1, 0, 0, 0, 0, 0, -1], [8, 0, 0, 9, 7, 7, 7, 7, 0])
([1, 0, 1, 1, 0, 0, 0, 0, -1, -1], [18, 0, 0, 1, 1, 1, 1, 0, 0])
([1, 0, 0, 0, 0, 0, 0, 0, 0, 0], [2, 2, 3, 17, 1, 1, 1, 1, 1])
([-1, 0, 0, 0, 1, 0, 0, 0, 0, 0], [3, 3, 9, 0, 30, 3, 3, 3, 3])
([1, 0, 0, 0, 1, -1, 0, 0, 0, 0], [2, 3, 2, 0, 0, 10, 1, 1, 1])
([-1, 0, 0, 1, 1, -1, 0, 0, 0, 0], [3, 3, 0, 0, 0, 2, 2, 2, 2])
([1, 0, 0, 1, 1, -1, 0, -1, 0, 0], [1, 19, 0, 0, 0, 1, 0, 1, 1])
([-1, 0, 0, 1, 1, -1, 0, -1, 0, 1], [2, 4, 0, 0, 0, 2, 0, 2, 0])
([1, 0, 0, 1, 1, -1, 0, -1, -1, 1], [1, 6, 0, 0, 0, 1, 0, 0, 0])
([1, 0, 0, 0, 0, 0, 0, 0, 0, 0], [1, 36, 1, 1, 1, 1, 1, 1, 1])
([-1, 0, 1, 0, 0, 0, 0, 0, 0, 0], [7, 0, 41, 1, 1, 1, 1, 1, 1])
([1, 0, 1, -1, 0, 0, 0, 0, 0, 0], [2, 0, 0, 2, 5, 2, 5, 2, 9])
([-1, 0, 1, -1, 0, 0, 0, 1, 0, 0], [3, 0, 0, 3, 4, 1, 0, 1, 1])
([1, 0, 1, -1, 0, -1, 0, 1, 0, 0], [1, 0, 0, 1, 0, 1, 0, 7, 1])
([-1, 0, 1, -1, 0, -1, 0, 1, 1, 0], [3, 0, 0, 2, 0, 2, 0, 0, 2])
([1, 0, 1, -1, -1, -1, 0, 1, 1, 0], [1, 0, 0, 0, 0, 3, 0, 0, 1])
([1, 0, 0, 0, 0, 0, 0, 0, 0, 0], [1, 1, 1, 1, 1, 1, 1, 1, 86])
([-1, 0, 0, 0, 0, 0, 0, 0, 0, 1], [6, 27, 41, 6, 21, 14, 19, 21, 0])
([1, 0, 0, -1, 0, 0, 0, 0, 0, 1], [1, 1, 0, 1, 22, 1, 1, 1, 0])
([-1, 0, 0, -1, 0, 1, 0, 0, 0, 1], [4, 7, 0, 9, 0, 7, 11, 9, 0])
([1, 0, -1, -1, 0, 1, 0, 0, 0, 1], [1, 0, 0, 9, 0, 1, 1, 1, 0])
([-1, 0, -1, -1, 0, 1, 0, 1, 0, 1], [4, 0, 0, 4, 0, 5, 0, 5, 0])
([1, 0, -1, -1, 0, 1, -1, 1, 0, 1], [1, 0, 0, 1, 0, 0, 0, 6, 0])
([1, 0, 0, 0, 0, 0, 0, 0, 0, 0], [3, 87, 1, 1, 3, 1, 1, 1, 1])
([-1, 0, 0, 0, 0, 1, 0, 0, 0, 0], [11, 7, 13, 9, 0, 7, 7, 11, 11])
([1, 0, 0, 0, 0, 1, 0, -1, 0, 0], [1, 1, 1, 10, 0, 1, 0, 1, 1])
([-1, 0, 0, 0, 1, 1, 0, -1, 0, 0], [4, 4, 3, 0, 0, 3, 0, 3, 3])
([1, 0, 0, 0, 1, 1, 0, -1, -1, 0], [1, 1, 8, 0, 0, 1, 0, 0, 1])
([1, 0, 0, 0, 0, 0, 0, 0, 0, 0], [2, 3, 2, 2, 24, 1, 1, 1, 1])
([-1, 0, 0, 1, 0, 0, 0, 0, 0, 0], [10, 11, 0, 15, 8, 6, 8, 8, 6])
([1, 0, 0, 1, 0, 0, 0, 0, -1, 0], [2, 77, 0, 2, 2, 2, 2, 0, 2])
([-1, 0, 1, 1, 0, 0, 0, 0, -1, 0], [17, 0, 0, 15, 15, 15, 16, 0, 15])
([1, 0, 1, 1, 0, -1, 0, 0, -1, 0], [16, 0, 0, 1, 0, 1, 1, 0, 1])
([1, 0, 0, 0, 0, 0, 0, 0, 0, 0], [2, 7, 72, 1, 1, 1, 1, 1, 1])
([-1, 0, 0, 1, 0, 0, 0, 0, 0, 0], [6, 3, 0, 10, 6, 2, 2, 8, 4])
([1, -1, 0, 1, 0, 0, 0, 0, 0, 0], [0, 3, 0, 8, 1, 1, 1, 1, 1])
([-1, -1, 0, 1, 1, 0, 0, 0, 0, 0], [0, 3, 0, 0, 2, 2, 2, 2, 2])
([1, -1, -1, 1, 1, 0, 0, 0, 0, 0], [0, 0, 0, 0, 1, 1, 3, 1, 1])
([-1, -1, -1, 1, 1, 0, 0, 1, 0, 0], [0, 0, 0, 0, 1, 1, 0, 1, 1])
([1, -1, -1, 1, 1, 0, -1, 1, 0, 0], [0, 0, 0, 0, 3, 0, 0, 1, 1])
([1, 0, 0, 0, 0, 0, 0, 0, 0, 0], [2, 3, 3, 50, 1, 1, 1, 1, 1])
([-1, 0, 0, 0, 1, 0, 0, 0, 0, 0], [2, 2, 2, 0, 24, 1, 2, 1, 1])
([1, 0, 0, 0, 1, -1, 0, 0, 0, 0], [2, 14, 9, 0, 0, 1, 2, 1, 1])
([-1, 0, 1, 0, 1, -1, 0, 0, 0, 0], [2, 0, 13, 0, 0, 1, 2, 1, 1])
([1, 0, 1, -1, 1, -1, 0, 0, 0, 0], [3, 0, 0, 0, 0, 4, 5, 2, 2])
([-1, 0, 1, -1, 1, -1, 1, 0, 0, 0], [4, 0, 0, 0, 0, 0, 1, 1, 1])
([1, 0, 1, -1, 1, -1, 1, 0, 0, -1], [2, 0, 0, 0, 0, 0, 2, 2, 0])
([-1, 1, 1, -1, 1, -1, 1, 0, 0, -1], [0, 0, 0, 0, 0, 0, 2, 3, 0])
([1, 0, 0, 0, 0, 0, 0, 0, 0, 0], [2, 2, 2, 7, 3, 3, 97, 1, 1])
([-1, 0, 0, 0, 0, 0, 0, 1, 0, 0], [9, 9, 17, 11, 11, 9, 0, 30, 13])
([1, 0, 0, -1, 0, 0, 0, 1, 0, 0], [12, 2, 0, 2, 10, 1, 0, 1, 1])
([-1, 0, 0, -1, 1, 0, 0, 1, 0, 0], [1, 1, 0, 0, 1, 1, 0, 9, 1])
([1, 0, 0, -1, 1, 0, 0, 1, -1, 0], [2, 2, 0, 0, 7, 1, 0, 0, 1])
([-1, 0, 0, -1, 1, 1, 0, 1, -1, 0], [3, 3, 0, 0, 0, 2, 0, 0, 2])
([1, 0, 0, 0, 0, 0, 0, 0, 0, 0], [1, 1, 1, 1, 1, 57, 1, 1, 1])
([-1, 0, 0, 0, 0, 0, 1, 0, 0, 0], [10, 11, 11, 15, 9, 0, 13, 11, 15])
([1, 0, 0, -1, 0, 0, 1, 0, 0, 0], [2, 9, 0, 18, 1, 0, 1, 11, 1])
([-1, 0, 0, -1, 1, 0, 1, 0, 0, 0], [3, 3, 0, 0, 2, 0, 8, 2, 4])
([1, 0, 0, -1, 1, -1, 1, 0, 0, 0], [2, 2, 0, 0, 0, 0, 2, 2, 8])
([-1, 0, 0, -1, 1, -1, 1, 0, 0, 1], [2, 2, 0, 0, 0, 0, 7, 2, 0])
([1, 0, -1, -1, 1, -1, 1, 0, 0, 1], [1, 0, 0, 0, 0, 0, 3, 1, 0])
([-1, 0, -1, -1, 1, -1, 1, 0, 1, 1], [1, 0, 0, 0, 0, 0, 1, 0, 0])
([1, -1, -1, -1, 1, -1, 1, 0, 1, 1], [0, 0, 0, 0, 0, 0, 3, 0, 0])
([1, 0, 0, 0, 0, 0, 0, 0, 0, 0], [1, 1, 1, 28, 1, 1, 1, 1, 1])
([-1, 0, 0, 0, 1, 0, 0, 0, 0, 0], [2, 2, 2, 0, 6, 16, 2, 2, 6])
([1, 0, 0, 0, 1, -1, 0, 0, 0, 0], [2, 5, 3, 0, 0, 2, 9, 1, 1])
([-1, 0, 0, 0, 1, -1, 0, 1, 0, 0], [2, 2, 2, 0, 0, 2, 0, 2, 6])
([1, 0, -1, 0, 1, -1, 0, 1, 0, 0], [1, 0, 1, 0, 0, 1, 0, 7, 1])
([-1, 0, -1, 0, 1, -1, 0, 1, 1, 0], [3, 0, 2, 0, 0, 2, 0, 0, 2])
([1, -1, -1, 0, 1, -1, 0, 1, 1, 0], [0, 0, 1, 0, 0, 1, 0, 0, 6])
([1, 0, 0, 0, 0, 0, 0, 0, 0, 0], [1, 1, 1, 1, 90, 1, 1, 1, 1])
([-1, 0, 0, 0, 0, 1, 0, 0, 0, 0], [7, 4, 9, 6, 0, 4, 6, 6, 4])
([1, 0, -1, 0, 0, 1, 0, 0, 0, 0], [1, 0, 1, 1, 0, 1, 1, 1, 27])
([-1, 0, -1, 0, 0, 1, 0, 0, 0, 1], [6, 0, 3, 3, 0, 6, 3, 3, 0])
([1, -1, -1, 0, 0, 1, 0, 0, 0, 1], [0, 0, 1, 1, 0, 1, 1, 18, 0])
([-1, -1, -1, 0, 0, 1, 0, 1, 0, 1], [0, 0, 3, 3, 0, 2, 0, 2, 0])
([1, -1, -1, -1, 0, 1, 0, 1, 0, 1], [0, 0, 0, 1, 0, 5, 0, 1, 0])
([1, 0, 0, 0, 0, 0, 0, 0, 0, 0], [102, 1, 1, 1, 1, 1, 1, 1, 1])
([-1, 1, 0, 0, 0, 0, 0, 0, 0, 0], [0, 19, 13, 7, 7, 4, 17, 9, 7])
([1, 1, 0, 0, 0, 0, 0, 0, 0, -1], [0, 26, 3, 2, 19, 1, 1, 1, 0])
([-1, 1, 1, 0, 0, 0, 0, 0, 0, -1], [0, 0, 19, 5, 5, 5, 7, 5, 0])
([1, 1, 1, -1, 0, 0, 0, 0, 0, -1], [0, 0, 0, 2, 5, 2, 1, 1, 0])
([-1, 1, 1, -1, 0, 0, 0, 0, 1, -1], [0, 0, 0, 1, 6, 1, 1, 0, 0])
([1, 1, 1, -1, -1, 0, 0, 0, 1, -1], [0, 0, 0, 0, 2, 2, 5, 0, 0])
([-1, 1, 1, -1, -1, 1, 0, 0, 1, -1], [0, 0, 0, 0, 0, 3, 1, 0, 0])
([1, 0, 0, 0, 0, 0, 0, 0, 0, 0], [2, 5, 72, 1, 2, 1, 1, 1, 1])
([-1, 0, 0, 1, 0, 0, 0, 0, 0, 0], [4, 11, 0, 4, 6, 4, 8, 6, 11])
([1, 0, 0, 1, 0, -1, 0, 0, 0, 0], [3, 2, 0, 2, 0, 2, 10, 1, 1])
([-1, 0, 0, 1, 0, -1, 1, 0, 0, 0], [2, 2, 0, 4, 0, 0, 1, 1, 1])
([1, 0, 0, 1, 0, -1, 1, 0, 0, -1], [1, 1, 0, 1, 0, 0, 1, 9, 0])
([-1, 0, 0, 1, 0, -1, 1, 0, 1, -1], [4, 3, 0, 2, 0, 0, 4, 0, 0])
([1, 0, -1, 1, 0, -1, 1, 0, 1, -1], [1, 0, 0, 1, 0, 0, 3, 0, 0])
([1, 0, 0, 0, 0, 0, 0, 0, 0, 0], [1, 1, 1, 1, 63, 1, 1, 1, 1])
([-1, 0, 0, 0, 0, 1, 0, 0, 0, 0], [14, 8, 10, 30, 0, 8, 14, 8, 8])
([1, 0, 0, 0, -1, 1, 0, 0, 0, 0], [3, 7, 3, 0, 0, 18, 1, 1, 1])
([-1, 0, 1, 0, -1, 1, 0, 0, 0, 0], [5, 0, 4, 0, 0, 3, 3, 3, 3])
([1, 0, 1, 0, -1, 1, -1, 0, 0, 0], [1, 0, 15, 0, 0, 0, 1, 1, 1])
([-1, 0, 1, 1, -1, 1, -1, 0, 0, 0], [7, 0, 0, 0, 0, 0, 5, 5, 5])
([1, 0, 1, 1, -1, 1, -1, -1, 0, 0], [5, 0, 0, 0, 0, 0, 0, 1, 1])
([1, 0, 0, 0, 0, 0, 0, 0, 0, 0], [2, 62, 2, 1, 1, 1, 1, 1, 1])
([-1, 0, 1, 0, 0, 0, 0, 0, 0, 0], [2, 0, 13, 2, 4, 2, 4, 2, 4])
([1, 0, 1, 0, 0, 0, 0, -1, 0, 0], [1, 0, 1, 5, 1, 1, 0, 1, 1])
([-1, 0, 1, 0, 0, 0, 1, -1, 0, 0], [2, 0, 6, 1, 1, 0, 0, 1, 1])
([1, 0, 1, -1, 0, 0, 1, -1, 0, 0], [1, 0, 0, 1, 4, 0, 0, 1, 1])
([-1, 0, 1, -1, 0, 1, 1, -1, 0, 0], [2, 0, 0, 2, 0, 0, 0, 1, 1])
([1, 0, 1, -1, 0, 1, 1, -1, 0, -1], [1, 0, 0, 1, 0, 0, 0, 1, 0])
([1, 0, 0, 0, 0, 0, 0, 0, 0, 0], [3, 26, 2, 1, 1, 1, 1, 1, 1])
([-1, 0, 1, 0, 0, 0, 0, 0, 0, 0], [3, 0, 47, 6, 6, 3, 3, 3, 3])
([1, 0, 1, -1, 0, 0, 0, 0, 0, 0], [2, 0, 0, 2, 5, 2, 5, 9, 3])
([-1, 0, 1, -1, 0, 0, 0, 1, 0, 0], [2, 0, 0, 2, 2, 3, 0, 11, 1])
([1, 0, 1, -1, 0, -1, 0, 1, 0, 0], [2, 0, 0, 2, 0, 2, 0, 3, 1])
([-1, 0, 1, -1, 0, -1, 0, 1, 1, 0], [2, 0, 0, 2, 0, 4, 0, 0, 2])
([1, 0, 1, -1, 0, -1, 0, 1, 1, -1], [2, 0, 0, 2, 0, 2, 0, 0, 0])
([-1, 1, 1, -1, 0, -1, 0, 1, 1, -1], [0, 0, 0, 2, 0, 4, 0, 0, 0])
([1, 0, 0, 0, 0, 0, 0, 0, 0, 0], [1, 1, 1, 1, 32, 1, 1, 1, 1])
([-1, 0, 0, 0, 0, 0, 1, 0, 0, 0], [6, 4, 7, 4, 4, 0, 5, 13, 11])
([1, 0, 0, -1, 0, 0, 1, 0, 0, 0], [3, 2, 0, 2, 3, 0, 10, 1, 1])
([-1, 0, 1, -1, 0, 0, 1, 0, 0, 0], [2, 0, 0, 2, 2, 0, 2, 11, 1])
([1, -1, 1, -1, 0, 0, 1, 0, 0, 0], [0, 0, 0, 1, 5, 0, 1, 1, 1])
([-1, -1, 1, -1, 0, 1, 1, 0, 0, 0], [0, 0, 0, 2, 0, 0, 2, 2, 1])
([1, -1, 1, -1, -1, 1, 1, 0, 0, 0], [0, 0, 0, 0, 0, 0, 1, 4, 1])
([1, 0, 0, 0, 0, 0, 0, 0, 0, 0], [2, 5, 3, 5, 1, 1, 1, 1, 3])
([-1, 0, 0, 1, 0, 0, 0, 0, 0, 0], [9, 7, 0, 7, 7, 8, 8, 8, 8])
([1, 0, 0, 1, 0, 0, 0, -1, 0, 0], [3, 82, 0, 2, 1, 1, 0, 1, 1])
([-1, 0, 1, 1, 0, 0, 0, -1, 0, 0], [15, 0, 0, 15, 14, 14, 0, 14, 14])
([1, 0, 1, 1, 0, 0, -1, -1, 0, 0], [19, 0, 0, 1, 1, 0, 0, 1, 1])
([1, 0, 0, 0, 0, 0, 0, 0, 0, 0], [1, 1, 1, 1, 46, 1, 1, 1, 1])
([-1, 0, 0, 0, 0, 1, 0, 0, 0, 0], [11, 5, 14, 5, 0, 11, 5, 10, 7])
([1, 0, 0, -1, 0, 1, 0, 0, 0, 0], [1, 1, 0, 1, 0, 1, 1, 1, 30])
([-1, 0, 0, -1, 0, 1, 0, 0, 0, 1], [6, 2, 0, 10, 0, 2, 11, 9, 0])
([1, 0, 0, -1, 0, 1, 0, -1, 0, 1], [3, 3, 0, 3, 0, 1, 0, 1, 0])
([-1, 1, 0, -1, 0, 1, 0, -1, 0, 1], [0, 2, 0, 2, 0, 2, 0, 4, 0])
([1, 1, 0, -1, -1, 1, 0, -1, 0, 1], [0, 4, 0, 0, 0, 2, 0, 2, 0])
([-1, 1, 0, -1, -1, 1, 1, -1, 0, 1], [0, 4, 0, 0, 0, 0, 0, 2, 0])
([1, 0, 0, 0, 0, 0, 0, 0, 0, 0], [2, 39, 1, 1, 1, 1, 2, 1, 1])
([-1, 0, 1, 0, 0, 0, 0, 0, 0, 0], [7, 0, 16, 9, 9, 7, 9, 4, 7])
([1, 0, 1, 0, -1, 0, 0, 0, 0, 0], [2, 0, 2, 0, 2, 3, 2, 21, 1])
([-1, 0, 1, 0, -1, 0, 1, 0, 0, 0], [4, 0, 3, 0, 3, 0, 2, 2, 2])
([1, 0, 1, -1, -1, 0, 1, 0, 0, 0], [3, 0, 0, 0, 3, 0, 9, 1, 1])
([-1, 0, 1, -1, -1, 0, 1, 0, 1, 0], [2, 0, 0, 0, 3, 0, 7, 0, 1])
([1, 0, 1, -1, -1, 0, 1, -1, 1, 0], [4, 0, 0, 0, 3, 0, 0, 0, 1])
([-1, 1, 1, -1, -1, 0, 1, -1, 1, 0], [0, 0, 0, 0, 4, 0, 0, 0, 2])
([1, 1, 1, -1, -1, 0, 1, -1, 1, -1], [0, 0, 0, 0, 3, 0, 0, 0, 0])
([1, 0, 0, 0, 0, 0, 0, 0, 0, 0], [2, 2, 2, 5, 33, 1, 1, 1, 1])
([-1, 0, 0, 0, 0, 1, 0, 0, 0, 0], [5, 5, 6, 5, 0, 6, 5, 4, 4])
([1, 0, 0, -1, 0, 1, 0, 0, 0, 0], [1, 1, 0, 1, 0, 10, 1, 1, 1])
([-1, 0, 0, -1, 0, 1, 1, 0, 0, 0], [6, 3, 0, 2, 0, 0, 2, 2, 2])
([1, 0, 0, -1, -1, 1, 1, 0, 0, 0], [1, 1, 0, 0, 0, 0, 3, 1, 1])
([1, 0, 0, 0, 0, 0, 0, 0, 0, 0], [2, 28, 1, 1, 1, 2, 1, 1, 1])
([-1, 0, 1, 0, 0, 0, 0, 0, 0, 0], [6, 0, 27, 2, 2, 2, 2, 2, 4])
([1, 0, 1, -1, 0, 0, 0, 0, 0, 0], [2, 0, 0, 2, 6, 9, 11, 2, 2])
([-1, 0, 1, -1, 0, 0, 0, 1, 0, 0], [2, 0, 0, 3, 2, 2, 0, 8, 1])
([1, 0, 1, -1, 0, 0, -1, 1, 0, 0], [2, 0, 0, 2, 2, 0, 0, 2, 12])
([-1, 1, 1, -1, 0, 0, -1, 1, 0, 0], [0, 0, 0, 1, 1, 0, 0, 6, 1])
([1, 0, 0, 0, 0, 0, 0, 0, 0, 0], [3, 3, 5, 1, 1, 1, 1, 1, 1])
([-1, 0, 0, 0, 0, 0, 0, 0, 0, 1], [8, 10, 28, 3, 22, 8, 3, 5, 0])
([1, 0, 0, 0, 0, -1, 0, 0, 0, 1], [2, 5, 2, 10, 0, 1, 2, 1, 0])
([-1, 0, 0, 1, 0, -1, 0, 0, 0, 1], [3, 3, 0, 1, 0, 2, 1, 1, 0])
([1, 0, -1, 1, 0, -1, 0, 0, 0, 1], [1, 0, 0, 1, 0, 1, 1, 11, 0])
([-1, 0, -1, 1, 0, -1, 0, 0, 1, 1], [3, 0, 0, 4, 0, 3, 2, 0, 0])
([1, 0, -1, 1, -1, -1, 0, 0, 1, 1], [1, 0, 0, 0, 0, 1, 3, 0, 0])
([-1, 1, -1, 1, -1, -1, 0, 0, 1, 1], [0, 0, 0, 0, 0, 2, 4, 0, 0])
([1, 0, 0, 0, 0, 0, 0, 0, 0, 0], [3, 12, 1, 1, 1, 1, 1, 1, 3])
([-1, 0, 1, 0, 0, 0, 0, 0, 0, 0], [3, 0, 39, 2, 2, 2, 2, 2, 2])
([1, 0, 1, -1, 0, 0, 0, 0, 0, 0], [3, 0, 0, 3, 8, 11, 2, 8, 2])
([-1, 0, 1, -1, 0, 0, 0, 0, 1, 0], [6, 0, 0, 2, 9, 7, 2, 0, 5])
([1, 0, 1, -1, 0, 0, -1, 0, 1, 0], [2, 0, 0, 2, 4, 0, 7, 0, 5])
([-1, 0, 1, -1, 0, 0, -1, 1, 1, 0], [2, 0, 0, 2, 2, 0, 0, 0, 9])
([1, 0, 0, 0, 0, 0, 0, 0, 0, 0], [1, 1, 1, 1, 1, 52, 1, 1, 1])
([-1, 0, 0, 0, 0, 0, 1, 0, 0, 0], [4, 6, 13, 11, 17, 0, 39, 4, 4])
([1, 0, 0, 0, 0, -1, 1, 0, 0, 0], [1, 1, 1, 13, 0, 0, 1, 1, 1])
([-1, 0, 0, 0, 1, -1, 1, 0, 0, 0], [4, 3, 2, 0, 0, 0, 2, 2, 2])
([1, 0, 0, 0, 1, -1, 1, -1, 0, 0], [2, 3, 3, 0, 0, 0, 0, 1, 1])
([-1, 0, 0, 0, 1, -1, 1, -1, 1, 0], [1, 4, 1, 0, 0, 0, 0, 0, 1])
([1, 0, 0, 0, 0, 0, 0, 0, 0, 0], [1, 1, 1, 1, 92, 1, 1, 1, 1])
([-1, 0, 0, 1, 0, 0, 0, 0, 0, 0], [5, 8, 0, 6, 8, 3, 3, 3, 3])
([1, 0, 0, 1, 0, -1, 0, 0, 0, 0], [18, 3, 0, 1, 0, 1, 1, 1, 1])
([-1, 0, 1, 1, 0, -1, 0, 0, 0, 0], [7, 0, 0, 6, 0, 6, 6, 6, 6])
([1, 0, 1, 1, 0, -1, 0, -1, 0, 0], [18, 0, 0, 1, 0, 1, 0, 1, 1])
([1, 0, 0, 0, 0, 0, 0, 0, 0, 0], [2, 5, 3, 3, 3, 2, 61, 1, 1])
([-1, 0, 1, 0, 0, 0, 0, 0, 0, 0], [4, 0, 48, 4, 4, 51, 6, 6, 9])
([1, 0, 1, 0, 0, 0, -1, 0, 0, 0], [1, 0, 36, 1, 1, 0, 1, 1, 1])
([-1, 0, 1, 0, 0, 0, -1, 0, 0, 1], [9, 0, 11, 5, 5, 0, 9, 7, 0])
([1, 0, 1, -1, 0, 0, -1, 0, 0, 1], [1, 0, 0, 1, 1, 0, 1, 11, 0])
([-1, 0, 1, -1, 0, 0, -1, 0, 1, 1], [3, 0, 0, 3, 3, 0, 6, 0, 0])
([1, 0, 1, -1, 0, -1, -1, 0, 1, 1], [1, 0, 0, 1, 0, 0, 3, 0, 0])
([1, 0, 0, 0, 0, 0, 0, 0, 0, 0], [1, 1, 1, 1, 1, 1, 22, 1, 1])
([-1, 0, 0, 0, 0, 1, 0, 0, 0, 0], [5, 5, 5, 5, 0, 6, 5, 4, 8])
([1, 0, 0, 0, 0, 1, 0, 0, 0, -1], [24, 1, 2, 1, 0, 1, 1, 1, 0])
([-1, 0, 0, 1, 0, 1, 0, 0, 0, -1], [3, 3, 0, 2, 0, 2, 2, 2, 0])
([1, 0, 0, 1, 0, 1, 0, -1, 0, -1], [1, 1, 0, 8, 0, 1, 0, 1, 0])
([-1, 0, 0, 1, 0, 1, 1, -1, 0, -1], [4, 3, 0, 8, 0, 0, 0, 2, 0])
([1, 0, 0, 1, -1, 1, 1, -1, 0, -1], [5, 1, 0, 0, 0, 0, 0, 1, 0])
([-1, 1, 0, 1, -1, 1, 1, -1, 0, -1], [0, 4, 0, 0, 0, 0, 0, 2, 0])
([1, 1, 0, 1, -1, 1, 1, -1, -1, -1], [0, 3, 0, 0, 0, 0, 0, 0, 0])
([1, 0, 0, 0, 0, 0, 0, 0, 0, 0], [5, 5, 29, 1, 1, 3, 1, 1, 1])
([-1, 0, 0, 0, 0, 0, 1, 0, 0, 0], [11, 7, 6, 6, 12, 0, 7, 4, 4])
([1, 0, 0, 0, 0, 0, 1, -1, 0, 0], [5, 3, 2, 9, 1, 0, 0, 1, 1])
([-1, 1, 0, 0, 0, 0, 1, -1, 0, 0], [0, 9, 1, 1, 1, 0, 0, 1, 1])
([1, 1, -1, 0, 0, 0, 1, -1, 0, 0], [0, 0, 2, 4, 2, 0, 0, 2, 2])
([-1, 1, -1, 0, 0, 0, 1, -1, 0, 1], [0, 0, 5, 1, 3, 0, 0, 1, 0])
([1, 1, -1, 0, 0, 0, 1, -1, -1, 1], [0, 0, 2, 3, 2, 0, 0, 0, 0])
([-1, 1, -1, 1, 0, 0, 1, -1, -1, 1], [0, 0, 0, 4, 2, 0, 0, 0, 0])
([1, 0, 0, 0, 0, 0, 0, 0, 0, 0], [2, 2, 61, 1, 1, 1, 1, 2, 1])
([-1, 0, 0, 1, 0, 0, 0, 0, 0, 0], [2, 2, 0, 4, 2, 2, 7, 2, 5])
([1, 0, 0, 1, 0, 0, 0, -1, 0, 0], [3, 2, 0, 9, 2, 1, 0, 1, 1])
([-1, 0, 0, 1, 0, 0, 0, -1, 0, 1], [7, 7, 0, 2, 2, 4, 0, 2, 0])
([1, 0, -1, 1, 0, 0, 0, -1, 0, 1], [2, 0, 0, 2, 1, 1, 0, 1, 0])
([-1, 1, -1, 1, 0, 0, 0, -1, 0, 1], [0, 0, 0, 3, 2, 5, 0, 1, 0])
([1, 1, -1, 1, 0, 0, -1, -1, 0, 1], [0, 0, 0, 3, 2, 0, 0, 2, 0])
([-1, 1, -1, 1, 0, 0, -1, -1, 1, 1], [0, 0, 0, 4, 2, 0, 0, 0, 0])
([1, 0, 0, 0, 0, 0, 0, 0, 0, 0], [1, 1, 1, 18, 1, 1, 1, 1, 1])
([-1, 0, 0, 0, 0, 0, 1, 0, 0, 0], [4, 8, 6, 3, 3, 0, 8, 2, 14])
([1, 0, 0, 0, 0, 0, 1, 0, -1, 0], [2, 3, 3, 2, 14, 0, 1, 0, 1])
([-1, 1, 0, 0, 0, 0, 1, 0, -1, 0], [0, 2, 2, 2, 5, 0, 1, 0, 1])
([1, 1, 0, 0, 0, 0, 1, -1, -1, 0], [0, 8, 1, 1, 1, 0, 0, 0, 1])
([-1, 1, 1, 0, 0, 0, 1, -1, -1, 0], [0, 0, 4, 3, 3, 0, 0, 0, 3])
([1, 1, 1, 0, -1, 0, 1, -1, -1, 0], [0, 0, 6, 0, 1, 0, 0, 0, 1])
([1, 0, 0, 0, 0, 0, 0, 0, 0, 0], [1, 1, 1, 1, 62, 1, 1, 1, 1])
([-1, 0, 0, 0, 0, 1, 0, 0, 0, 0], [3, 3, 3, 3, 0, 3, 7, 3, 3])
([1, 0, 0, 0, 0, 1, 0, 0, 0, -1], [2, 3, 19, 1, 0, 1, 1, 1, 0])
([-1, 0, 0, 1, 0, 1, 0, 0, 0, -1], [5, 6, 0, 6, 0, 4, 4, 4, 0])
([1, 0, 0, 1, 0, 1, 0, -1, 0, -1], [1, 19, 0, 1, 0, 1, 0, 1, 0])
([-1, 0, 1, 1, 0, 1, 0, -1, 0, -1], [6, 0, 0, 5, 0, 5, 0, 5, 0])
([1, -1, 1, 1, 0, 1, 0, -1, 0, -1], [0, 0, 0, 6, 0, 1, 0, 1, 0])
([1, 0, 0, 0, 0, 0, 0, 0, 0, 0], [1, 1, 1, 1, 43, 1, 1, 1, 1])
([-1, 0, 1, 0, 0, 0, 0, 0, 0, 0], [6, 0, 26, 4, 2, 2, 2, 2, 2])
([1, 0, 1, 0, 0, 0, 0, -1, 0, 0], [1, 0, 1, 4, 1, 1, 0, 1, 1])
([-1, 0, 1, 0, 0, 1, 0, -1, 0, 0], [2, 0, 2, 1, 0, 1, 0, 1, 1])
([1, 0, 1, -1, 0, 1, 0, -1, 0, 0], [1, 0, 0, 1, 0, 1, 0, 1, 1])
([-1, 1, 1, -1, 0, 1, 0, -1, 0, 0], [0, 0, 0, 1, 0, 3, 0, 1, 1])
([1, 1, 1, -1, 0, 1, 0, -1, 0, -1], [0, 0, 0, 1, 0, 1, 0, 1, 0])
([1, 0, 0, 0, 0, 0, 0, 0, 0, 0], [2, 3, 51, 3, 1, 1, 1, 1, 1])
([-1, 0, 0, 1, 0, 0, 0, 0, 0, 0], [3, 6, 0, 6, 3, 3, 4, 3, 6])
([1, 0, -1, 1, 0, 0, 0, 0, 0, 0], [7, 0, 0, 1, 1, 2, 1, 1, 1])
([-1, 0, -1, 1, 0, 0, 1, 0, 0, 0], [2, 0, 0, 2, 3, 0, 2, 3, 1])
([1, 0, -1, 1, -1, 0, 1, 0, 0, 0], [2, 0, 0, 0, 2, 0, 2, 1, 1])
([-1, 0, -1, 1, -1, 1, 1, 0, 0, 0], [3, 0, 0, 0, 0, 0, 8, 2, 2])
([1, 0, 0, 0, 0, 0, 0, 0, 0, 0], [10, 7, 3, 7, 160, 1, 1, 1, 1])
([-1, 0, 0, 0, 0, 1, 0, 0, 0, 0], [4, 4, 4, 5, 0, 9, 4, 9, 5])
([1, 0, 0, 0, 0, 1, 0, 0, 0, -1], [1, 1, 1, 27, 0, 1, 1, 1, 0])
([-1, 0, 0, 0, 1, 1, 0, 0, 0, -1], [4, 3, 2, 0, 0, 2, 2, 2, 0])
([1, 0, 0, 0, 1, 1, 0, 0, -1, -1], [3, 3, 1, 0, 0, 1, 1, 0, 0])
([1, 0, 0, 0, 0, 0, 0, 0, 0, 0], [2, 2, 3, 34, 1, 1, 1, 1, 1])
([-1, 0, 0, 0, 0, 1, 0, 0, 0, 0], [12, 9, 9, 8, 0, 5, 5, 5, 5])
([1, -1, 0, 0, 0, 1, 0, 0, 0, 0], [0, 1, 1, 1, 0, 1, 44, 1, 1])
([-1, -1, 0, 0, 0, 1, 0, 1, 0, 0], [0, 5, 11, 5, 0, 5, 0, 7, 7])
([1, -1, 0, 0, 0, 1, 0, 1, 0, -1], [0, 1, 1, 1, 0, 20, 0, 1, 0])
([1, 0, 0, 0, 0, 0, 0, 0, 0, 0], [1, 1, 1, 1, 109, 1, 1, 1, 1])
([-1, 0, 0, 0, 0, 1, 0, 0, 0, 0], [5, 5, 5, 5, 0, 5, 5, 15, 14])
([1, 0, 0, 0, -1, 1, 0, 0, 0, 0], [2, 2, 2, 0, 0, 34, 1, 1, 1])
([-1, 0, 0, 0, -1, 1, 0, 0, 0, 1], [2, 2, 2, 0, 0, 7, 2, 2, 0])
([1, 0, 0, 0, -1, 1, -1, 0, 0, 1], [1, 1, 15, 0, 0, 0, 1, 1, 0])
([-1, 0, 0, 1, -1, 1, -1, 0, 0, 1], [3, 3, 0, 0, 0, 0, 8, 2, 0])
([1, 0, 0, 1, -1, 1, -1, -1, 0, 1], [6, 2, 0, 0, 0, 0, 0, 2, 0])
([-1, 1, 0, 1, -1, 1, -1, -1, 0, 1], [0, 4, 0, 0, 0, 0, 0, 2, 0])
([1, 1, 0, 1, -1, 1, -1, -1, -1, 1], [0, 3, 0, 0, 0, 0, 0, 0, 0])
([1, 0, 0, 0, 0, 0, 0, 0, 0, 0], [1, 1, 15, 1, 1, 1, 1, 1, 1])
([-1, 0, 0, 1, 0, 0, 0, 0, 0, 0], [2, 3, 0, 2, 1, 1, 1, 1, 1])
([1, -1, 0, 1, 0, 0, 0, 0, 0, 0], [0, 35, 0, 1, 1, 3, 1, 1, 1])
([-1, -1, 1, 1, 0, 0, 0, 0, 0, 0], [0, 0, 0, 15, 6, 8, 6, 6, 8])
([1, -1, 1, 1, 0, 0, 0, 0, 0, -1], [0, 0, 0, 16, 1, 2, 1, 1, 0])
([1, 0, 0, 0, 0, 0, 0, 0, 0, 0], [3, 3, 3, 13, 2, 1, 1, 1, 1])
([-1, 0, 0, 1, 0, 0, 0, 0, 0, 0], [11, 7, 0, 5, 5, 7, 7, 7, 5])
([1, 0, -1, 1, 0, 0, 0, 0, 0, 0], [1, 0, 0, 1, 10, 1, 1, 1, 1])
([-1, 0, -1, 1, 0, 1, 0, 0, 0, 0], [3, 0, 0, 2, 0, 2, 2, 2, 2])
([1, -1, -1, 1, 0, 1, 0, 0, 0, 0], [0, 0, 0, 1, 0, 8, 1, 1, 1])
([-1, -1, -1, 1, 0, 1, 0, 0, 0, 1], [0, 0, 0, 3, 0, 3, 2, 2, 0])
([1, -1, -1, 1, 0, 1, 0, 0, -1, 1], [0, 0, 0, 3, 0, 1, 1, 0, 0])
([1, 0, 0, 0, 0, 0, 0, 0, 0, 0], [2, 5, 2, 38, 1, 1, 2, 1, 1])
([-1, 0, 1, 0, 0, 0, 0, 0, 0, 0], [3, 0, 43, 1, 1, 1, 3, 1, 1])
([1, 0, 1, -1, 0, 0, 0, 0, 0, 0], [2, 0, 0, 3, 2, 7, 2, 10, 1])
([-1, 0, 1, -1, 0, 0, 0, 0, 1, 0], [2, 0, 0, 2, 9, 2, 5, 0, 2])
([1, 0, 1, -1, 0, 0, 0, -1, 1, 0], [4, 0, 0, 3, 3, 2, 0, 0, 4])
([-1, 0, 1, -1, 1, 0, 0, -1, 1, 0], [1, 0, 0, 0, 3, 1, 0, 0, 1])
([1, 0, 1, -1, 1, 0, -1, -1, 1, 0], [1, 0, 0, 0, 1, 0, 0, 0, 1])
([-1, 0, 1, -1, 1, 1, -1, -1, 1, 0], [1, 0, 0, 0, 0, 0, 0, 0, 3])
([1, -1, 1, -1, 1, 1, -1, -1, 1, 0], [0, 0, 0, 0, 0, 0, 0, 0, 1])
([1, 0, 0, 0, 0, 0, 0, 0, 0, 0], [3, 3, 3, 7, 2, 2, 7, 2, 83])
([-1, 0, 0, 0, 0, 0, 0, 0, 0, 1], [11, 3, 3, 3, 3, 7, 27, 3, 0])
([1, 0, 0, 0, 0, 0, 0, -1, 0, 1], [3, 8, 27, 8, 2, 6, 0, 14, 0])
([-1, 0, 0, 0, 0, 0, 1, -1, 0, 1], [11, 8, 1, 1, 1, 0, 0, 1, 0])
([1, -1, 0, 0, 0, 0, 1, -1, 0, 1], [0, 13, 1, 1, 1, 0, 0, 1, 0])
([-1, -1, 1, 0, 0, 0, 1, -1, 0, 1], [0, 0, 2, 2, 6, 0, 0, 1, 0])
([1, -1, 1, 0, 0, -1, 1, -1, 0, 1], [0, 0, 2, 4, 0, 0, 0, 2, 0])
([-1, -1, 1, 1, 0, -1, 1, -1, 0, 1], [0, 0, 0, 4, 0, 0, 0, 2, 0])
([1, 0, 0, 0, 0, 0, 0, 0, 0, 0], [1, 1, 1, 1, 1, 1, 1, 71, 1])
([-1, 0, 0, 0, 0, 0, 0, 0, 1, 0], [4, 4, 13, 4, 4, 4, 11, 0, 4])
([1, 0, 0, 0, 0, 0, 0, -1, 1, 0], [11, 14, 12, 1, 1, 1, 0, 0, 1])
([-1, 0, 0, 1, 0, 0, 0, -1, 1, 0], [2, 2, 0, 18, 2, 2, 0, 0, 2])
([1, 0, 0, 1, -1, 0, 0, -1, 1, 0], [1, 12, 0, 0, 1, 1, 0, 0, 1])
([-1, 0, 1, 1, -1, 0, 0, -1, 1, 0], [8, 0, 0, 0, 2, 2, 0, 0, 4])
([1, 0, 0, 0, 0, 0, 0, 0, 0, 0], [3, 2, 2, 5, 42, 1, 1, 1, 1])
([-1, 0, 0, 0, 1, 0, 0, 0, 0, 0], [1, 1, 1, 0, 1, 1, 6, 1, 1])
([1, 0, 0, 0, 1, 0, 0, -1, 0, 0], [1, 1, 5, 0, 1, 1, 0, 1, 1])
([-1, 0, 1, 0, 1, 0, 0, -1, 0, 0], [2, 0, 2, 0, 2, 1, 0, 1, 1])
([1, 0, 1, 0, 1, 0, 0, -1, 0, -1], [1, 0, 16, 0, 1, 1, 0, 1, 0])
([-1, 0, 1, 0, 1, 1, 0, -1, 0, -1], [2, 0, 2, 0, 0, 2, 0, 1, 0])
([1, 0, 1, 0, 1, 1, -1, -1, 0, -1], [1, 0, 6, 0, 0, 0, 0, 1, 0])
([-1, 1, 1, 0, 1, 1, -1, -1, 0, -1], [0, 0, 3, 0, 0, 0, 0, 1, 0])
([1, 0, 0, 0, 0, 0, 0, 0, 0, 0], [5, 2, 2, 3, 3, 2, 24, 1, 1])
([-1, 0, 0, 0, 0, 1, 0, 0, 0, 0], [4, 4, 4, 5, 0, 4, 4, 3, 3])
([1, 0, 0, 0, 0, 1, 0, 0, 0, -1], [1, 1, 1, 1, 0, 1, 40, 1, 0])
([-1, 0, 0, 0, 0, 1, 0, 1, 0, -1], [5, 4, 4, 4, 0, 4, 0, 4, 0])
([1, 0, 0, 0, 0, 1, 0, 1, -1, -1], [1, 1, 15, 1, 0, 1, 0, 0, 0])
([1, 0, 0, 0, 0, 0, 0, 0, 0, 0], [2, 34, 2, 1, 1, 1, 1, 1, 1])
([-1, 0, 0, 0, 0, 0, 0, 1, 0, 0], [9, 6, 6, 7, 6, 7, 0, 15, 9])
([1, -1, 0, 0, 0, 0, 0, 1, 0, 0], [0, 1, 1, 1, 1, 18, 0, 1, 1])
([-1, -1, 0, 0, 0, 0, 1, 1, 0, 0], [0, 3, 3, 3, 3, 0, 0, 2, 2])
([1, -1, 0, -1, 0, 0, 1, 1, 0, 0], [0, 1, 0, 1, 8, 0, 0, 1, 1])
([1, 0, 0, 0, 0, 0, 0, 0, 0, 0], [2, 3, 5, 1, 1, 1, 1, 1, 1])
([-1, 0, 1, 0, 0, 0, 0, 0, 0, 0], [2, 0, 22, 2, 2, 2, 2, 5, 2])
([1, 0, 1, 0, 0, 0, 0, 0, -1, 0], [2, 0, 84, 1, 1, 1, 1, 0, 1])
([-1, 0, 1, 1, 0, 0, 0, 0, -1, 0], [16, 0, 0, 15, 15, 15, 15, 0, 14])
([1, -1, 1, 1, 0, 0, 0, 0, -1, 0], [0, 0, 0, 16, 1, 3, 1, 0, 1])
([1, 0, 0, 0, 0, 0, 0, 0, 0, 0], [1, 1, 25, 1, 1, 1, 1, 1, 1])
([-1, 0, 0, 1, 0, 0, 0, 0, 0, 0], [2, 3, 0, 1, 1, 2, 1, 1, 1])
([1, 0, 0, 1, 0, 0, 0, 0, -1, 0], [1, 1, 0, 1, 1, 1, 1, 0, 13])
([-1, 0, 0, 1, 0, 0, 0, 0, -1, 1], [4, 3, 0, 2, 4, 4, 2, 0, 0])
([1, -1, 0, 1, 0, 0, 0, 0, -1, 1], [0, 13, 0, 2, 1, 1, 1, 0, 0])
([-1, -1, 1, 1, 0, 0, 0, 0, -1, 1], [0, 0, 0, 7, 3, 3, 3, 0, 0])
([1, -1, 1, 1, -1, 0, 0, 0, -1, 1], [0, 0, 0, 0, 5, 3, 1, 0, 0])
([-1, -1, 1, 1, -1, 1, 0, 0, -1, 1], [0, 0, 0, 0, 0, 2, 4, 0, 0])
([1, -1, 1, 1, -1, 1, -1, 0, -1, 1], [0, 0, 0, 0, 0, 0, 3, 0, 0])
([1, 0, 0, 0, 0, 0, 0, 0, 0, 0], [3, 3, 5, 1, 1, 58, 1, 1, 1])
([-1, 0, 0, 0, 0, 0, 1, 0, 0, 0], [3, 3, 3, 8, 7, 0, 2, 2, 2])
([1, 0, 0, -1, 0, 0, 1, 0, 0, 0], [2, 3, 0, 5, 1, 0, 1, 1, 1])
([-1, 0, 1, -1, 0, 0, 1, 0, 0, 0], [5, 0, 0, 2, 2, 0, 3, 5, 1])
([1, 0, 1, -1, 0, 0, 1, 0, -1, 0], [7, 0, 0, 1, 2, 0, 1, 0, 1])
([-1, 0, 1, -1, 1, 0, 1, 0, -1, 0], [3, 0, 0, 0, 3, 0, 2, 0, 2])
([1, 0, 0, 0, 0, 0, 0, 0, 0, 0], [1, 1, 6, 1, 1, 1, 1, 1, 1])
([-1, 0, 0, 1, 0, 0, 0, 0, 0, 0], [6, 7, 0, 4, 7, 4, 7, 5, 7])
([1, 0, -1, 1, 0, 0, 0, 0, 0, 0], [3, 0, 0, 2, 2, 2, 2, 8, 1])
([-1, 0, -1, 1, 0, 0, 0, 0, 1, 0], [2, 0, 0, 2, 3, 2, 4, 0, 1])
([1, 0, -1, 1, 0, 0, 0, -1, 1, 0], [6, 0, 0, 3, 2, 2, 0, 0, 2])
([-1, 0, -1, 1, 1, 0, 0, -1, 1, 0], [1, 0, 0, 0, 1, 1, 0, 0, 1])
([1, 0, 0, 0, 0, 0, 0, 0, 0, 0], [2, 2, 9, 3, 43, 1, 1, 1, 1])
([-1, 0, 0, 0, 0, 1, 0, 0, 0, 0], [5, 4, 4, 11, 0, 5, 4, 3, 5])
([1, 0, 0, -1, 0, 1, 0, 0, 0, 0], [2, 5, 0, 2, 0, 10, 2, 3, 2])
([-1, 0, 0, -1, 0, 1, 0, 0, 0, 1], [6, 6, 0, 6, 0, 19, 6, 12, 0])
([1, 0, 0, -1, 0, 1, 0, 0, -1, 1], [2, 3, 0, 3, 0, 1, 1, 0, 0])
([-1, 0, 0, -1, 1, 1, 0, 0, -1, 1], [4, 3, 0, 0, 0, 2, 2, 0, 0])
([1, 0, 0, -1, 1, 1, 0, -1, -1, 1], [2, 2, 0, 0, 0, 4, 0, 0, 0])
([1, 0, 0, 0, 0, 0, 0, 0, 0, 0], [3, 24, 2, 11, 1, 1, 1, 1, 1])
([-1, 0, 0, 0, 0, 0, 0, 0, 0, 1], [1, 1, 31, 1, 1, 1, 1, 1, 0])
([1, 0, 0, 0, 0, -1, 0, 0, 0, 1], [3, 2, 3, 9, 0, 2, 1, 1, 0])
([-1, 0, 0, 1, 0, -1, 0, 0, 0, 1], [4, 4, 0, 3, 0, 3, 7, 7, 0])
([1, 0, 0, 1, 0, -1, 0, -1, 0, 1], [7, 1, 0, 1, 0, 1, 0, 1, 0])
([-1, 1, 0, 1, 0, -1, 0, -1, 0, 1], [0, 4, 0, 2, 0, 2, 0, 2, 0])
([1, 0, 0, 0, 0, 0, 0, 0, 0, 0], [2, 2, 5, 10, 1, 1, 1, 1, 2])
([-1, 0, 0, 0, 1, 0, 0, 0, 0, 0], [5, 4, 4, 0, 11, 4, 4, 7, 3])
([1, 0, 0, 0, 1, -1, 0, 0, 0, 0], [1, 1, 10, 0, 0, 1, 1, 1, 1])
([-1, 0, 0, 1, 1, -1, 0, 0, 0, 0], [3, 3, 0, 0, 0, 2, 2, 2, 2])
([1, 0, 0, 1, 1, -1, 0, 0, 0, -1], [3, 16, 0, 0, 0, 1, 1, 1, 0])
([-1, 1, 0, 1, 1, -1, 0, 0, 0, -1], [0, 4, 0, 0, 0, 2, 2, 2, 0])
([1, 1, 0, 1, 1, -1, -1, 0, 0, -1], [0, 4, 0, 0, 0, 0, 3, 1, 0])
([1, 0, 0, 0, 0, 0, 0, 0, 0, 0], [7, 3, 15, 1, 1, 1, 11, 1, 1])
([-1, 0, 0, 0, 0, 0, 0, 1, 0, 0], [13, 4, 15, 9, 9, 8, 0, 9, 8])
([1, 0, 0, 0, -1, 0, 0, 1, 0, 0], [2, 11, 1, 0, 1, 2, 0, 1, 1])
([-1, 0, 1, 0, -1, 0, 0, 1, 0, 0], [7, 0, 6, 0, 6, 6, 0, 6, 6])
([1, -1, 1, 0, -1, 0, 0, 1, 0, 0], [0, 0, 1, 0, 1, 1, 0, 18, 1])
([-1, -1, 1, 0, -1, 0, 0, 1, 1, 0], [0, 0, 5, 0, 4, 4, 0, 0, 4])
([1, -1, 1, 0, -1, -1, 0, 1, 1, 0], [0, 0, 1, 0, 0, 3, 0, 0, 1])
([-1, -1, 1, 1, -1, -1, 0, 1, 1, 0], [0, 0, 0, 0, 0, 3, 0, 0, 3])
([1, -1, 1, 1, -1, -1, 0, 1, 1, -1], [0, 0, 0, 0, 0, 3, 0, 0, 0])
([1, 0, 0, 0, 0, 0, 0, 0, 0, 0], [2, 3, 50, 1, 1, 1, 1, 1, 1])
([-1, 0, 0, 1, 0, 0, 0, 0, 0, 0], [8, 5, 0, 5, 5, 6, 8, 6, 4])
([1, 0, -1, 1, 0, 0, 0, 0, 0, 0], [2, 0, 0, 2, 1, 1, 1, 1, 1])
([-1, 0, -1, 1, 0, 1, 0, 0, 0, 0], [3, 0, 0, 3, 0, 2, 2, 2, 2])
([1, 0, -1, 1, 0, 1, 0, 0, -1, 0], [1, 0, 0, 3, 0, 1, 1, 0, 1])
([-1, 0, -1, 1, 0, 1, 0, 0, -1, 1], [1, 0, 0, 1, 0, 1, 4, 0, 0])
([1, 0, -1, 1, 0, 1, 0, -1, -1, 1], [1, 0, 0, 3, 0, 1, 0, 0, 0])
([1, 0, 0, 0, 0, 0, 0, 0, 0, 0], [12, 45, 1, 1, 2, 1, 1, 1, 1])
([-1, 0, 1, 0, 0, 0, 0, 0, 0, 0], [2, 0, 19, 1, 1, 1, 5, 1, 1])
([1, 0, 1, -1, 0, 0, 0, 0, 0, 0], [1, 0, 0, 1, 1, 1, 1, 1, 16])
([-1, 0, 1, -1, 0, 0, 1, 0, 0, 0], [2, 0, 0, 2, 5, 0, 1, 2, 1])
([1, 0, 1, -1, -1, 0, 1, 0, 0, 0], [2, 0, 0, 0, 2, 0, 6, 1, 1])
([-1, 0, 1, -1, -1, 0, 1, 0, 1, 0], [2, 0, 0, 0, 2, 0, 9, 0, 3])
([1, 0, 1, -1, -1, 0, 1, -1, 1, 0], [3, 0, 0, 0, 3, 0, 0, 0, 2])
([-1, 0, 1, -1, -1, 1, 1, -1, 1, 0], [3, 0, 0, 0, 0, 0, 0, 0, 1])
([1, 0, 1, -1, -1, 1, 1, -1, 1, -1], [1, 0, 0, 0, 0, 0, 0, 0, 0])
([1, 0, 0, 0, 0, 0, 0, 0, 0, 0], [2, 77, 1, 1, 1, 1, 1, 1, 2])
([-1, 0, 0, 0, 0, 0, 1, 0, 0, 0], [3, 2, 7, 2, 2, 0, 9, 1, 1])
([1, 0, 0, -1, 0, 0, 1, 0, 0, 0], [2, 2, 0, 3, 10, 0, 1, 1, 1])
([-1, 0, 0, -1, 1, 0, 1, 0, 0, 0], [1, 1, 0, 0, 6, 0, 1, 1, 1])
([1, 0, 0, -1, 1, -1, 1, 0, 0, 0], [2, 3, 0, 0, 0, 0, 1, 2, 1])
([-1, 1, 0, -1, 1, -1, 1, 0, 0, 0], [0, 3, 0, 0, 0, 0, 1, 3, 1])
([1, 0, 0, 0, 0, 0, 0, 0, 0, 0], [2, 2, 2, 5, 5, 35, 1, 1, 1])
([-1, 0, 0, 0, 0, 1, 0, 0, 0, 0], [8, 7, 22, 7, 0, 7, 10, 6, 6])
([1, 0, 0, -1, 0, 1, 0, 0, 0, 0], [2, 5, 0, 2, 0, 10, 1, 1, 1])
([-1, 0, 0, -1, 1, 1, 0, 0, 0, 0], [4, 3, 0, 0, 0, 2, 2, 2, 2])
([1, -1, 0, -1, 1, 1, 0, 0, 0, 0], [0, 3, 0, 0, 0, 6, 1, 2, 1])
([1, 0, 0, 0, 0, 0, 0, 0, 0, 0], [1, 1, 1, 1, 62, 1, 1, 1, 1])
([-1, 0, 0, 0, 0, 1, 0, 0, 0, 0], [10, 8, 12, 8, 0, 8, 8, 9, 13])
([1, 0, 0, -1, 0, 1, 0, 0, 0, 0], [2, 2, 0, 9, 0, 3, 1, 1, 1])
([-1, 1, 0, -1, 0, 1, 0, 0, 0, 0], [0, 2, 0, 2, 0, 2, 4, 2, 2])
([1, 1, 0, -1, 0, 1, 0, -1, 0, 0], [0, 2, 0, 2, 0, 6, 0, 1, 1])
([-1, 1, 0, -1, 0, 1, 1, -1, 0, 0], [0, 3, 0, 2, 0, 0, 0, 2, 2])
([1, 1, -1, -1, 0, 1, 1, -1, 0, 0], [0, 0, 0, 3, 0, 0, 0, 1, 1])
([1, 0, 0, 0, 0, 0, 0, 0, 0, 0], [1, 1, 17, 1, 1, 1, 1, 1, 1])
([-1, 0, 0, 0, 1, 0, 0, 0, 0, 0], [5, 8, 10, 0, 5, 5, 5, 5, 5])
([1, 0, 0, -1, 1, 0, 0, 0, 0, 0], [2, 2, 0, 0, 26, 2, 1, 1, 1])
([-1, 0, 0, -1, 1, 1, 0, 0, 0, 0], [4, 3, 0, 0, 0, 2, 2, 2, 2])
([1, 0, 0, -1, 1, 1, 0, 0, -1, 0], [2, 2, 0, 0, 0, 7, 1, 0, 2])
([1, 0, 0, 0, 0, 0, 0, 0, 0, 0], [2, 3, 31, 1, 1, 11, 1, 1, 1])
([-1, 0, 0, 1, 0, 0, 0, 0, 0, 0], [7, 10, 0, 3, 3, 3, 7, 8, 3])
([1, 0, -1, 1, 0, 0, 0, 0, 0, 0], [9, 0, 0, 1, 1, 2, 1, 1, 1])
([-1, 1, -1, 1, 0, 0, 0, 0, 0, 0], [0, 0, 0, 1, 1, 1, 4, 1, 1])
([1, 1, -1, 1, 0, 0, 0, -1, 0, 0], [0, 0, 0, 2, 11, 1, 0, 1, 1])
([-1, 1, -1, 1, 0, 1, 0, -1, 0, 0], [0, 0, 0, 3, 0, 2, 0, 3, 1])
([1, 1, -1, 1, 0, 1, 0, -1, -1, 0], [0, 0, 0, 3, 0, 1, 0, 0, 1])
([1, 0, 0, 0, 0, 0, 0, 0, 0, 0], [1, 1, 1, 1, 1, 1, 155, 1, 1])
([-1, 0, 0, 0, 0, 0, 0, 1, 0, 0], [3, 3, 3, 3, 11, 6, 0, 3, 6])
([1, 0, 0, 0, 0, 0, 0, 1, 0, -1], [1, 1, 21, 1, 1, 1, 0, 1, 0])
([-1, 0, 0, 1, 0, 0, 0, 1, 0, -1], [7, 6, 0, 6, 6, 6, 0, 6, 0])
([1, -1, 0, 1, 0, 0, 0, 1, 0, -1], [0, 1, 0, 1, 1, 9, 0, 1, 0])
([-1, -1, 0, 1, 0, 0, 1, 1, 0, -1], [0, 3, 0, 3, 3, 0, 0, 2, 0])
([1, -1, 0, 1, 0, -1, 1, 1, 0, -1], [0, 2, 0, 2, 0, 0, 0, 1, 0])
([1, 0, 0, 0, 0, 0, 0, 0, 0, 0], [1, 1, 73, 1, 1, 1, 1, 1, 1])
([-1, 0, 0, 1, 0, 0, 0, 0, 0, 0], [4, 5, 0, 5, 5, 3, 3, 3, 3])
([1, 0, 0, 1, 0, -1, 0, 0, 0, 0], [16, 2, 0, 1, 0, 1, 1, 1, 1])
([-1, 1, 0, 1, 0, -1, 0, 0, 0, 0], [0, 4, 0, 2, 0, 2, 2, 2, 2])
([1, 1, 0, 1, 0, -1, -1, 0, 0, 0], [0, 17, 0, 1, 0, 0, 3, 1, 1])
([1, 0, 0, 0, 0, 0, 0, 0, 0, 0], [5, 2, 39, 1, 1, 1, 7, 1, 1])
([-1, 0, 0, 0, 0, 0, 0, 1, 0, 0], [6, 9, 6, 6, 6, 6, 0, 25, 6])
([1, 0, 0, 0, 0, -1, 0, 1, 0, 0], [9, 1, 5, 1, 0, 1, 0, 1, 1])
([-1, 1, 0, 0, 0, -1, 0, 1, 0, 0], [0, 1, 6, 1, 0, 1, 0, 1, 1])
([1, 1, 0, 0, 0, -1, 0, 1, -1, 0], [0, 2, 3, 2, 0, 2, 0, 0, 1])
([-1, 1, 0, 0, 0, -1, 0, 1, -1, 1], [0, 1, 1, 1, 0, 1, 0, 0, 0])
([1, 1, 0, 0, -1, -1, 0, 1, -1, 1], [0, 3, 1, 0, 0, 1, 0, 0, 0])
([-1, 1, 0, 1, -1, -1, 0, 1, -1, 1], [0, 1, 0, 0, 0, 1, 0, 0, 0])
([1, 1, 0, 1, -1, -1, -1, 1, -1, 1], [0, 3, 0, 0, 0, 0, 0, 0, 0])
([1, 0, 0, 0, 0, 0, 0, 0, 0, 0], [1, 53, 1, 1, 1, 1, 1, 1, 1])
([-1, 0, 1, 0, 0, 0, 0, 0, 0, 0], [2, 0, 16, 10, 2, 4, 6, 2, 4])
([1, 0, 1, -1, 0, 0, 0, 0, 0, 0], [2, 0, 0, 2, 2, 13, 5, 1, 1])
([-1, 0, 1, -1, 0, 0, 1, 0, 0, 0], [2, 0, 0, 3, 5, 0, 1, 1, 2])
([1, -1, 1, -1, 0, 0, 1, 0, 0, 0], [0, 0, 0, 4, 1, 0, 1, 1, 1])
([-1, -1, 1, -1, 0, 0, 1, 0, 0, 1], [0, 0, 0, 1, 1, 0, 6, 1, 0])
([1, -1, 1, -1, 0, 0, 1, 0, -1, 1], [0, 0, 0, 4, 2, 0, 2, 0, 0])
([-1, -1, 1, -1, 1, 0, 1, 0, -1, 1], [0, 0, 0, 0, 3, 0, 2, 0, 0])
([1, 0, 0, 0, 0, 0, 0, 0, 0, 0], [1, 1, 1, 1, 67, 1, 1, 1, 1])
([-1, 0, 0, 0, 0, 1, 0, 0, 0, 0], [5, 5, 6, 10, 0, 5, 5, 5, 8])
([1, 0, 0, 0, -1, 1, 0, 0, 0, 0], [22, 5, 2, 0, 0, 25, 1, 1, 1])
([-1, 0, 0, 0, -1, 1, 1, 0, 0, 0], [2, 2, 5, 0, 0, 0, 1, 1, 1])
([1, 0, 0, -1, -1, 1, 1, 0, 0, 0], [1, 1, 0, 0, 0, 0, 3, 1, 1])
([1, 0, 0, 0, 0, 0, 0, 0, 0, 0], [2, 5, 2, 3, 86, 1, 1, 1, 1])
([-1, 0, 0, 0, 0, 1, 0, 0, 0, 0], [8, 8, 10, 9, 0, 11, 15, 11, 9])
([1, 0, -1, 0, 0, 1, 0, 0, 0, 0], [3, 0, 2, 9, 0, 1, 1, 1, 1])
([-1, 0, -1, 0, 1, 1, 0, 0, 0, 0], [3, 0, 3, 0, 0, 2, 2, 2, 2])
([1, 0, -1, 0, 1, 1, 0, 0, 0, -1], [1, 0, 1, 0, 0, 1, 1, 8, 0])
([-1, 0, -1, 0, 1, 1, 0, 0, 1, -1], [3, 0, 3, 0, 0, 2, 2, 0, 0])
([1, -1, -1, 0, 1, 1, 0, 0, 1, -1], [0, 0, 3, 0, 0, 1, 1, 0, 0])
([1, 0, 0, 0, 0, 0, 0, 0, 0, 0], [5, 26, 1, 1, 1, 1, 1, 2, 1])
([-1, 1, 0, 0, 0, 0, 0, 0, 0, 0], [0, 5, 3, 2, 11, 1, 1, 1, 1])
([1, 1, 0, 0, 0, 0, 0, 0, -1, 0], [0, 1, 35, 1, 1, 1, 1, 0, 1])
([-1, 1, 0, 1, 0, 0, 0, 0, -1, 0], [0, 9, 0, 7, 7, 7, 8, 0, 7])
([1, 1, -1, 1, 0, 0, 0, 0, -1, 0], [0, 0, 0, 1, 1, 1, 6, 0, 1])
([-1, 1, -1, 1, 0, 0, 1, 0, -1, 0], [0, 0, 0, 4, 1, 0, 1, 0, 1])
([1, 1, -1, 1, 0, 0, 1, 0, -1, -1], [0, 0, 0, 2, 5, 0, 1, 0, 0])
([-1, 1, -1, 1, 0, 1, 1, 0, -1, -1], [0, 0, 0, 3, 0, 0, 2, 0, 0])
([1, 1, -1, 1, 0, 1, 1, -1, -1, -1], [0, 0, 0, 3, 0, 0, 0, 0, 0])
([1, 0, 0, 0, 0, 0, 0, 0, 0, 0], [1, 1, 1, 1, 48, 1, 1, 1, 1])
([-1, 0, 0, 0, 0, 1, 0, 0, 0, 0], [13, 23, 13, 43, 0, 15, 13, 19, 15])
([1, 0, 0, 0, 0, 1, 0, 0, 0, -1], [2, 3, 9, 3, 0, 1, 1, 1, 0])
([-1, 0, 0, 1, 0, 1, 0, 0, 0, -1], [5, 5, 0, 11, 0, 5, 5, 5, 0])
([1, 0, 0, 1, 0, 1, -1, 0, 0, -1], [11, 1, 0, 1, 0, 0, 1, 1, 0])
([-1, 1, 0, 1, 0, 1, -1, 0, 0, -1], [0, 3, 0, 2, 0, 0, 2, 2, 0])
([1, 1, -1, 1, 0, 1, -1, 0, 0, -1], [0, 0, 0, 3, 0, 0, 1, 1, 0])
([1, 0, 0, 0, 0, 0, 0, 0, 0, 0], [14, 3, 2, 23, 1, 1, 1, 1, 1])
([-1, 0, 1, 0, 0, 0, 0, 0, 0, 0], [2, 0, 22, 2, 7, 2, 2, 2, 2])
([1, 0, 1, 0, 0, -1, 0, 0, 0, 0], [2, 0, 2, 2, 0, 2, 10, 3, 1])
([-1, 0, 1, 0, 0, -1, 0, 1, 0, 0], [4, 0, 9, 4, 0, 4, 0, 4, 7])
([1, 0, 1, 0, 0, -1, 0, 1, -1, 0], [1, 0, 7, 1, 0, 1, 0, 0, 1])
([-1, 0, 1, 1, 0, -1, 0, 1, -1, 0], [4, 0, 0, 2, 0, 2, 0, 0, 2])
([1, -1, 1, 1, 0, -1, 0, 1, -1, 0], [0, 0, 0, 1, 0, 3, 0, 0, 1])
([-1, -1, 1, 1, 0, -1, 1, 1, -1, 0], [0, 0, 0, 1, 0, 0, 0, 0, 1])
([1, -1, 1, 1, 0, -1, 1, 1, -1, -1], [0, 0, 0, 3, 0, 0, 0, 0, 0])
([1, 0, 0, 0, 0, 0, 0, 0, 0, 0], [2, 3, 3, 2, 3, 2, 7, 83, 2])
([-1, 0, 0, 0, 0, 0, 1, 0, 0, 0], [5, 18, 14, 11, 13, 0, 5, 14, 7])
([1, 0, -1, 0, 0, 0, 1, 0, 0, 0], [3, 0, 7, 2, 3, 0, 11, 1, 1])
([-1, 0, -1, 0, 0, 0, 1, 1, 0, 0], [3, 0, 3, 3, 4, 0, 0, 2, 2])
([1, 0, -1, 0, 0, 0, 1, 1, -1, 0], [1, 0, 1, 1, 9, 0, 0, 0, 1])
([1, 0, 0, 0, 0, 0, 0, 0, 0, 0], [1, 1, 1, 74, 1, 1, 1, 1, 1])
([-1, 0, 0, 0, 1, 0, 0, 0, 0, 0], [2, 2, 9, 0, 1, 1, 1, 1, 1])
([1, 0, 0, -1, 1, 0, 0, 0, 0, 0], [3, 3, 0, 0, 4, 4, 10, 20, 2])
([-1, 0, 0, -1, 1, 0, 0, 0, 1, 0], [3, 3, 0, 0, 2, 8, 2, 0, 2])
([1, 0, -1, -1, 1, 0, 0, 0, 1, 0], [3, 0, 0, 0, 6, 1, 3, 0, 1])
([-1, 0, -1, -1, 1, 1, 0, 0, 1, 0], [3, 0, 0, 0, 0, 2, 2, 0, 2])
([1, 0, -1, -1, 1, 1, -1, 0, 1, 0], [4, 0, 0, 0, 0, 0, 1, 0, 1])
([-1, 1, -1, -1, 1, 1, -1, 0, 1, 0], [0, 0, 0, 0, 0, 0, 1, 0, 3])
([1, 0, 0, 0, 0, 0, 0, 0, 0, 0], [2, 5, 2, 2, 2, 37, 1, 1, 1])
([-1, 0, 0, 0, 1, 0, 0, 0, 0, 0], [16, 4, 6, 0, 8, 10, 4, 22, 12])
([1, 0, 0, 0, 1, 0, -1, 0, 0, 0], [3, 14, 1, 0, 1, 0, 1, 1, 3])
([-1, 0, 1, 0, 1, 0, -1, 0, 0, 0], [2, 0, 8, 0, 2, 0, 1, 1, 1])
([1, 0, 1, 0, 1, 0, -1, 0, 0, -1], [1, 0, 16, 0, 1, 0, 1, 1, 0])
([1, 0, 0, 0, 0, 0, 0, 0, 0, 0], [2, 2, 3, 2, 40, 1, 1, 1, 1])
([-1, 0, 0, 0, 0, 0, 1, 0, 0, 0], [2, 2, 2, 2, 9, 0, 2, 9, 2])
([1, 0, 0, -1, 0, 0, 1, 0, 0, 0], [1, 1, 0, 1, 1, 0, 19, 1, 1])
([-1, 0, 0, -1, 0, 0, 1, 1, 0, 0], [3, 3, 0, 3, 3, 0, 0, 2, 2])
([1, 0, 0, -1, 0, 0, 1, 1, -1, 0], [8, 1, 0, 3, 1, 0, 0, 0, 1])
([-1, 0, 0, -1, 1, 0, 1, 1, -1, 0], [2, 2, 0, 0, 4, 0, 0, 0, 2])
([1, 0, 0, 0, 0, 0, 0, 0, 0, 0], [1, 1, 1, 1, 1, 1, 15, 1, 1])
([-1, 0, 0, 0, 0, 0, 0, 1, 0, 0], [6, 6, 13, 11, 6, 6, 0, 6, 6])
([1, 0, -1, 0, 0, 0, 0, 1, 0, 0], [1, 0, 1, 1, 39, 1, 0, 1, 1])
([-1, 0, -1, 0, 0, 1, 0, 1, 0, 0], [5, 0, 8, 5, 0, 12, 0, 6, 5])
([1, 0, -1, 0, -1, 1, 0, 1, 0, 0], [1, 0, 1, 0, 0, 12, 0, 1, 1])
([1, 0, 0, 0, 0, 0, 0, 0, 0, 0], [1, 1, 1, 1, 64, 1, 1, 1, 1])
([-1, 0, 0, 0, 0, 1, 0, 0, 0, 0], [8, 8, 8, 16, 0, 6, 6, 8, 8])
([1, 0, 0, 0, 0, 1, 0, 0, -1, 0], [1, 1, 1, 15, 0, 1, 1, 0, 1])
([-1, 0, 0, 0, 1, 1, 0, 0, -1, 0], [3, 3, 6, 0, 0, 2, 2, 0, 2])
([1, -1, 0, 0, 1, 1, 0, 0, -1, 0], [0, 1, 1, 0, 0, 1, 20, 0, 1])
([-1, -1, 0, 0, 1, 1, 0, 1, -1, 0], [0, 3, 3, 0, 0, 5, 0, 0, 3])
([1, -1, 0, -1, 1, 1, 0, 1, -1, 0], [0, 2, 0, 0, 0, 4, 0, 0, 2])
([1, 0, 0, 0, 0, 0, 0, 0, 0, 0], [2, 5, 3, 42, 1, 1, 1, 1, 1])
([-1, 0, 0, 0, 0, 1, 0, 0, 0, 0], [3, 3, 10, 3, 0, 3, 3, 7, 3])
([1, 0, 0, -1, 0, 1, 0, 0, 0, 0], [2, 5, 0, 3, 0, 10, 1, 1, 2])
([-1, 0, 1, -1, 0, 1, 0, 0, 0, 0], [2, 0, 0, 2, 0, 14, 1, 2, 1])
([1, 0, 1, -1, 0, 1, -1, 0, 0, 0], [3, 0, 0, 2, 0, 0, 2, 2, 2])
([-1, 0, 1, -1, 0, 1, -1, 1, 0, 0], [1, 0, 0, 1, 0, 0, 0, 3, 1])
([1, 0, 0, 0, 0, 0, 0, 0, 0, 0], [2, 2, 2, 7, 2, 3, 53, 1, 1])
([-1, 0, 0, 0, 0, 0, 0, 1, 0, 0], [6, 6, 16, 6, 8, 21, 0, 15, 6])
([1, -1, 0, 0, 0, 0, 0, 1, 0, 0], [0, 1, 1, 1, 23, 1, 0, 1, 1])
([-1, -1, 0, 0, 0, 1, 0, 1, 0, 0], [0, 6, 15, 6, 0, 8, 0, 8, 6])
([1, -1, 0, 0, 0, 1, 0, 1, 0, -1], [0, 12, 1, 1, 0, 1, 0, 3, 0])
([1, 0, 0, 0, 0, 0, 0, 0, 0, 0], [3, 5, 2, 19, 1, 1, 1, 3, 1])
([-1, 0, 0, 0, 1, 0, 0, 0, 0, 0], [13, 6, 12, 0, 11, 6, 6, 11, 6])
([1, 0, -1, 0, 1, 0, 0, 0, 0, 0], [3, 0, 2, 0, 1, 1, 1, 3, 1])
([-1, 0, -1, 0, 1, 0, 0, 0, 1, 0], [2, 0, 2, 0, 3, 2, 4, 0, 1])
([1, 0, -1, -1, 1, 0, 0, 0, 1, 0], [1, 0, 0, 0, 1, 3, 1, 0, 1])
([-1, 1, -1, -1, 1, 0, 0, 0, 1, 0], [0, 0, 0, 0, 2, 2, 2, 0, 1])
([1, 1, -1, -1, 1, -1, 0, 0, 1, 0], [0, 0, 0, 0, 0, 3, 1, 0, 1])
([-1, 1, -1, -1, 1, -1, 0, 0, 1, 1], [0, 0, 0, 0, 0, 1, 3, 0, 0])
([1, 1, -1, -1, 1, -1, -1, 0, 1, 1], [0, 0, 0, 0, 0, 0, 3, 0, 0])
([1, 0, 0, 0, 0, 0, 0, 0, 0, 0], [1, 1, 76, 1, 1, 1, 1, 1, 1])
([-1, 0, 0, 1, 0, 0, 0, 0, 0, 0], [8, 13, 0, 4, 4, 4, 6, 6, 6])
([1, -1, 0, 1, 0, 0, 0, 0, 0, 0], [0, 2, 0, 8, 1, 1, 1, 1, 1])
([-1, -1, 0, 1, 0, 0, 1, 0, 0, 0], [0, 5, 0, 5, 3, 0, 3, 3, 5])
([1, -1, 0, 1, -1, 0, 1, 0, 0, 0], [0, 3, 0, 0, 2, 0, 6, 1, 1])
([-1, -1, 0, 1, -1, 0, 1, 1, 0, 0], [0, 3, 0, 0, 2, 0, 0, 2, 2])
([1, -1, -1, 1, -1, 0, 1, 1, 0, 0], [0, 0, 0, 0, 1, 0, 0, 3, 1])
([1, 0, 0, 0, 0, 0, 0, 0, 0, 0], [2, 3, 5, 2, 13, 1, 1, 1, 1])
([-1, 0, 0, 0, 0, 0, 1, 0, 0, 0], [7, 5, 5, 5, 17, 0, 9, 11, 9])
([1, 0, 0, 0, 0, 0, 1, 0, -1, 0], [23, 1, 1, 1, 1, 0, 1, 0, 1])
([-1, 1, 0, 0, 0, 0, 1, 0, -1, 0], [0, 8, 3, 6, 6, 0, 2, 0, 2])
([1, 1, 0, 0, -1, 0, 1, 0, -1, 0], [0, 2, 2, 0, 13, 0, 1, 0, 1])
([-1, 1, 1, 0, -1, 0, 1, 0, -1, 0], [0, 0, 7, 0, 3, 0, 3, 0, 3])
([1, 1, 1, 0, -1, 0, 1, 0, -1, -1], [0, 0, 1, 0, 1, 0, 5, 0, 0])
([1, 0, 0, 0, 0, 0, 0, 0, 0, 0], [2, 2, 3, 7, 47, 1, 1, 1, 1])
([-1, 0, 0, 0, 0, 1, 0, 0, 0, 0], [9, 8, 4, 11, 0, 4, 8, 4, 6])
([1, -1, 0, 0, 0, 1, 0, 0, 0, 0], [0, 1, 1, 1, 0, 1, 42, 1, 1])
([-1, -1, 0, 0, 0, 1, 0, 1, 0, 0], [0, 7, 7, 7, 0, 10, 0, 6, 6])
([1, -1, 0, 0, 0, 1, 0, 1, 0, -1], [0, 1, 1, 1, 0, 1, 0, 12, 0])
