([1, -1, 0, 0, 1, 0, 0, 0, 0, 0], [0, 18, 1, 0, 1, 1, 1, 2, 1])
([-1, -1, 1, 0, 1, 0, 0, 0, 0, 0], [0, 0, 8, 0, 6, 6, 7, 6, 7])
([1, -1, 1, 0, 1, 0, 0, 0, 0, -1], [0, 0, 1, 0, 14, 1, 1, 1, 0])
([-1, -1, 1, 0, 1, 1, 0, 0, 0, -1], [0, 0, 4, 0, 0, 3, 3, 3, 0])
([1, -1, 1, 0, 1, 1, -1, 0, 0, -1], [0, 0, 1, 0, 0, 0, 5, 1, 0])
([-1, -1, 1, 0, 1, 1, -1, 1, 0, -1], [0, 0, 3, 0, 0, 0, 0, 2, 0])
([1, 0, 0, 0, 0, 0, 0, 0, 0, 0], [2, 24, 4, 2, 2, 2, 2, 23, 5])
([-1, 0, 0, 0, 1, 0, 0, 0, 0, 0], [4, 4, 4, 0, 7, 7, 11, 5, 3])
([1, 0, 0, 0, 1, 0, 0, -1, 0, 0], [4, 1, 1, 0, 1, 1, 0, 1, 1])
([-1, 0, 0, 0, 1, 0, 0, -1, 1, 0], [3, 3, 2, 0, 1, 1, 0, 0, 1])
([1, -1, 0, 0, 1, 0, 0, -1, 1, 0], [0, 1, 1, 0, 18, 1, 0, 0, 1])
([-1, -1, 1, 0, 1, 0, 0, -1, 1, 0], [0, 0, 2, 0, 1, 1, 0, 0, 2])
([1, -1, 1, 0, 1, 0, 0, -1, 1, -1], [0, 0, 1, 0, 4, 1, 0, 0, 0])
([-1, -1, 1, 0, 1, 1, 0, -1, 1, -1], [0, 0, 2, 0, 0, 2, 0, 0, 0])
([1, -1, 1, -1, 1, 1, 0, -1, 1, -1], [0, 0, 0, 0, 0, 1, 0, 0, 0])
([1, 0, 0, 0, 0, 0, 0, 0, 0, 0], [2, 2, 3, 30, 6, 5, 87, 1, 1])
([-1, 0, 0, 0, 0, 0, 0, 1, 0, 0], [6, 6, 18, 8, 6, 6, 0, 6, 21])
([1, -1, 0, 0, 0, 0, 0, 1, 0, 0], [0, 1, 33, 1, 1, 1, 0, 1, 1])
([-1, -1, 0, 0, 0, 0, 1, 1, 0, 0], [0, 4, 4, 4, 4, 0, 0, 3, 3])
([1, -1, 0, 0, 0, -1, 1, 1, 0, 0], [0, 1, 1, 1, 0, 0, 0, 3, 1])
([-1, -1, 1, 0, 0, -1, 1, 1, 0, 0], [0, 0, 1, 1, 0, 0, 0, 1, 1])
([1, -1, 1, 0, -1, -1, 1, 1, 0, 0], [0, 0, 3, 0, 0, 0, 0, 1, 1])
([-1, -1, 1, 1, -1, -1, 1, 1, 0, 0], [0, 0, 0, 0, 0, 0, 0, 1, 1])
([1, 0, 0, 0, 0, 0, 0, 0, 0, 0], [2, 5, 62, 1, 1, 2, 1, 1, 1])
([-1, 0, 0, 1, 0, 0, 0, 0, 0, 0], [6, 16, 0, 8, 4, 8, 4, 4, 6])
([1, -1, 0, 1, 0, 0, 0, 0, 0, 0], [0, 39, 0, 1, 1, 1, 1, 1, 1])
([-1, -1, 1, 1, 0, 0, 0, 0, 0, 0], [0, 0, 0, 14, 7, 7, 7, 8, 7])
([1, -1, 1, 1, 0, 0, 0, -1, 0, 0], [0, 0, 0, 17, 2, 1, 0, 1, 1])
([1, 0, 0, 0, 0, 0, 0, 0, 0, 0], [1, 1, 1, 26, 1, 1, 1, 1, 1])
([-1, 0, 0, 0, 0, 0, 1, 0, 0, 0], [10, 14, 6, 4, 6, 0, 46, 26, 4])
([1, 0, 0, 0, 0, 0, 1, -1, 0, 0], [13, 3, 3, 3, 28, 0, 0, 2, 3])
([-1, 1, 0, 0, 0, 0, 1, -1, 0, 0], [0, 10, 1, 1, 1, 0, 0, 9, 1])
([1, 1, -1, 0, 0, 0, 1, -1, 0, 0], [0, 0, 3, 3, 2, 0, 0, 4, 2])
([-1, 1, -1, 0, 0, 0, 1, -1, 0, 1], [0, 0, 1, 1, 5, 0, 0, 1, 0])
([1, 0, 0, 0, 0, 0, 0, 0, 0, 0], [1, 1, 1, 1, 1, 1, 23, 1, 1])
([-1, 0, 0, 0, 0, 0, 0, 1, 0, 0], [8, 8, 26, 8, 14, 8, 0, 8, 8])
([1, 0, 0, 0, -1, 0, 0, 1, 0, 0], [1, 1, 1, 0, 10, 1, 0, 1, 1])
([-1, 1, 0, 0, -1, 0, 0, 1, 0, 0], [0, 7, 7, 0, 6, 8, 0, 8, 6])
([1, 1, 0, 0, -1, 0, 0, 1, 0, -1], [0, 1, 1, 0, 9, 1, 0, 1, 0])
([-1, 1, 0, 0, -1, 1, 0, 1, 0, -1], [0, 4, 4, 0, 0, 3, 0, 3, 0])
([1, 1, 0, 0, -1, 1, -1, 1, 0, -1], [0, 1, 6, 0, 0, 0, 0, 1, 0])
([1, 0, 0, 0, 0, 0, 0, 0, 0, 0], [2, 3, 2, 38, 1, 1, 1, 1, 1])
([-1, 0, 0, 0, 0, 0, 0, 0, 1, 0], [6, 6, 25, 6, 6, 10, 12, 0, 6])
([1, 0, 0, 0, 0, 0, 0, 0, 1, -1], [2, 5, 2, 35, 1, 1, 1, 0, 0])
([-1, 0, 0, 0, 1, 0, 0, 0, 1, -1], [3, 3, 2, 0, 2, 2, 2, 0, 0])
([1, 0, 0, 0, 1, 0, -1, 0, 1, -1], [1, 1, 12, 0, 1, 0, 1, 0, 0])
([-1, 0, 0, 1, 1, 0, -1, 0, 1, -1], [4, 4, 0, 0, 3, 0, 3, 0, 0])
([1, -1, 0, 1, 1, 0, -1, 0, 1, -1], [0, 5, 0, 0, 1, 0, 1, 0, 0])
([1, 0, 0, 0, 0, 0, 0, 0, 0, 0], [1, 1, 1, 1, 1, 1, 1, 45, 1])
([-1, 0, 0, 0, 0, 0, 0, 0, 1, 0], [5, 3, 3, 9, 13, 5, 3, 0, 3])
([1, 0, 0, 0, 0, -1, 0, 0, 1, 0], [2, 5, 2, 17, 0, 1, 1, 0, 1])
([-1, 0, 0, 0, 0, -1, 1, 0, 1, 0], [3, 2, 2, 2, 0, 0, 6, 0, 2])
([1, -1, 0, 0, 0, -1, 1, 0, 1, 0], [0, 3, 8, 1, 0, 0, 1, 0, 1])
([-1, -1, 0, 1, 0, -1, 1, 0, 1, 0], [0, 3, 0, 3, 0, 0, 8, 0, 4])
([1, -1, -1, 1, 0, -1, 1, 0, 1, 0], [0, 0, 0, 1, 0, 0, 1, 0, 6])
([-1, -1, -1, 1, 0, -1, 1, 0, 1, 1], [0, 0, 0, 3, 0, 0, 3, 0, 0])
([1, -1, -1, 1, -1, -1, 1, 0, 1, 1], [0, 0, 0, 0, 0, 0, 3, 0, 0])
([1, 0, 0, 0, 0, 0, 0, 0, 0, 0], [1, 1, 1, 1, 1, 1, 45, 1, 1])
([-1, 0, 0, 0, 0, 0, 0, 1, 0, 0], [11, 7, 20, 7, 11, 7, 0, 18, 7])
([1, 0, 0, 0, 0, 0, 0, 1, -1, 0], [2, 7, 5, 1, 1, 1, 0, 0, 1])
([-1, 0, 1, 0, 0, 0, 0, 1, -1, 0], [5, 0, 8, 1, 1, 1, 0, 0, 1])
([1, 0, 1, 0, 0, -1, 0, 1, -1, 0], [1, 0, 9, 1, 0, 1, 0, 0, 1])
([-1, 0, 1, 1, 0, -1, 0, 1, -1, 0], [3, 0, 0, 2, 0, 2, 0, 0, 2])
([1, 0, 1, 1, 0, -1, 0, 1, -1, -1], [6, 0, 0, 1, 0, 1, 0, 0, 0])
([1, 0, 0, 0, 0, 0, 0, 0, 0, 0], [2, 2, 3, 7, 92, 1, 1, 1, 1])
([-1, 0, 0, 0, 1, 0, 0, 0, 0, 0], [5, 5, 4, 0, 4, 5, 7, 3, 3])
([1, 0, 0, 0, 1, 0, -1, 0, 0, 0], [1, 1, 16, 0, 1, 0, 1, 1, 1])
([-1, 0, 0, 1, 1, 0, -1, 0, 0, 0], [3, 3, 0, 0, 2, 0, 2, 2, 2])
([1, 0, -1, 1, 1, 0, -1, 0, 0, 0], [1, 0, 0, 0, 1, 0, 1, 1, 3])
([-1, 0, -1, 1, 1, 0, -1, 1, 0, 0], [1, 0, 0, 0, 1, 0, 0, 1, 1])
([1, 0, -1, 1, 1, 0, -1, 1, 0, -1], [1, 0, 0, 0, 3, 0, 0, 1, 0])
([-1, 0, -1, 1, 1, 0, -1, 1, 1, -1], [1, 0, 0, 0, 1, 0, 0, 0, 0])
([1, -1, -1, 1, 1, 0, -1, 1, 1, -1], [0, 0, 0, 0, 3, 0, 0, 0, 0])
([1, 0, 0, 0, 0, 0, 0, 0, 0, 0], [1, 1, 1, 12, 1, 1, 1, 1, 1])
([-1, 0, 0, 0, 1, 0, 0, 0, 0, 0], [5, 9, 9, 0, 8, 5, 5, 10, 5])
([1, 0, 0, 0, 1, 0, -1, 0, 0, 0], [2, 14, 1, 0, 1, 0, 1, 1, 3])
([-1, 0, 1, 0, 1, 0, -1, 0, 0, 0], [5, 0, 5, 0, 8, 0, 4, 4, 4])
([1, 0, 1, 0, 1, -1, -1, 0, 0, 0], [1, 0, 19, 0, 0, 0, 1, 1, 1])
([1, 0, 0, 0, 0, 0, 0, 0, 0, 0], [1, 1, 28, 1, 1, 1, 1, 1, 1])
([-1, 0, 0, 1, 0, 0, 0, 0, 0, 0], [8, 6, 0, 6, 18, 8, 6, 6, 8])
([1, 0, 0, 1, 0, 0, 0, 0, 0, -1], [2, 59, 0, 1, 1, 1, 1, 1, 0])
([-1, 0, 1, 1, 0, 0, 0, 0, 0, -1], [12, 0, 0, 12, 12, 10, 10, 10, 0])
([1, 0, 1, 1, 0, 0, 0, -1, 0, -1], [17, 0, 0, 1, 1, 1, 0, 1, 0])
([1, 0, 0, 0, 0, 0, 0, 0, 0, 0], [2, 2, 17, 1, 1, 1, 1, 1, 1])
([-1, 0, 0, 1, 0, 0, 0, 0, 0, 0], [6, 6, 0, 6, 6, 4, 8, 8, 6])
([1, 0, 0, 1, 0, 0, 0, -1, 0, 0], [2, 50, 0, 1, 2, 1, 0, 1, 1])
([-1, 0, 1, 1, 0, 0, 0, -1, 0, 0], [15, 0, 0, 15, 15, 15, 0, 14, 14])
([1, 0, 1, 1, 0, -1, 0, -1, 0, 0], [15, 0, 0, 1, 0, 1, 0, 1, 1])
([1, 0, 0, 0, 0, 0, 0, 0, 0, 0], [2, 3, 13, 1, 1, 18, 1, 1, 1])
([-1, 1, 0, 0, 0, 0, 0, 0, 0, 0], [0, 2, 9, 2, 17, 1, 1, 2, 1])
([1, 1, 0, 0, 0, -1, 0, 0, 0, 0], [0, 2, 11, 2, 0, 2, 2, 2, 2])
([-1, 1, 0, 0, 0, -1, 0, 1, 0, 0], [0, 3, 2, 1, 0, 1, 0, 1, 1])
([1, 1, -1, 0, 0, -1, 0, 1, 0, 0], [0, 0, 3, 1, 0, 1, 0, 1, 1])
([-1, 1, -1, 0, 0, -1, 0, 1, 1, 0], [0, 0, 3, 2, 0, 2, 0, 0, 2])
([1, 1, -1, 0, 0, -1, 0, 1, 1, -1], [0, 0, 1, 1, 0, 3, 0, 0, 0])
([-1, 1, -1, 0, 1, -1, 0, 1, 1, -1], [0, 0, 1, 0, 0, 3, 0, 0, 0])
([1, 0, 0, 0, 0, 0, 0, 0, 0, 0], [2, 5, 3, 7, 83, 1, 1, 1, 1])
([-1, 0, 0, 0, 0, 1, 0, 0, 0, 0], [7, 13, 15, 14, 0, 9, 13, 11, 7])
([1, 0, 0, 0, -1, 1, 0, 0, 0, 0], [3, 35, 1, 0, 0, 5, 1, 1, 1])
([-1, 0, 0, 0, -1, 1, 1, 0, 0, 0], [3, 3, 3, 0, 0, 0, 18, 3, 3])
([1, 0, 0, 0, -1, 1, 1, 0, -1, 0], [1, 1, 1, 0, 0, 0, 9, 0, 1])
([1, 0, 0, 0, 0, 0, 0, 0, 0, 0], [3, 2, 27, 3, 1, 1, 1, 1, 1])
([-1, 0, 0, 0, 0, 0, 1, 0, 0, 0], [2, 2, 10, 2, 2, 0, 2, 2, 2])
([1, 0, 0, -1, 0, 0, 1, 0, 0, 0], [1, 1, 0, 1, 1, 0, 12, 1, 1])
([-1, 0, 0, -1, 0, 0, 1, 1, 0, 0], [3, 3, 0, 3, 2, 0, 0, 2, 2])
([1, -1, 0, -1, 0, 0, 1, 1, 0, 0], [0, 1, 0, 1, 1, 0, 0, 9, 1])
([-1, -1, 0, -1, 0, 0, 1, 1, 0, 1], [0, 2, 0, 2, 4, 0, 0, 2, 0])
([1, -1, 0, -1, 0, -1, 1, 1, 0, 1], [0, 3, 0, 1, 0, 0, 0, 1, 0])
([-1, -1, 1, -1, 0, -1, 1, 1, 0, 1], [0, 0, 0, 1, 0, 0, 0, 1, 0])
([1, -1, 1, -1, -1, -1, 1, 1, 0, 1], [0, 0, 0, 0, 0, 0, 0, 3, 0])
([1, 0, 0, 0, 0, 0, 0, 0, 0, 0], [1, 52, 1, 1, 1, 1, 1, 1, 1])
([-1, 0, 1, 0, 0, 0, 0, 0, 0, 0], [2, 0, 38, 3, 1, 1, 1, 1, 1])
([1, 0, 1, -1, 0, 0, 0, 0, 0, 0], [2, 0, 0, 5, 11, 3, 8, 9, 1])
([-1, 1, 1, -1, 0, 0, 0, 0, 0, 0], [0, 0, 0, 1, 23, 1, 1, 1, 1])
([1, 1, 1, -1, 0, -1, 0, 0, 0, 0], [0, 0, 0, 4, 0, 4, 3, 3, 5])
([-1, 1, 1, -1, 1, -1, 0, 0, 0, 0], [0, 0, 0, 0, 0, 1, 1, 7, 1])
([1, 0, 0, 0, 0, 0, 0, 0, 0, 0], [1, 1, 1, 1, 94, 1, 1, 1, 1])
([-1, 0, 0, 0, 0, 1, 0, 0, 0, 0], [10, 7, 10, 6, 0, 16, 12, 6, 8])
([1, 0, 0, 0, 0, 1, 0, 0, -1, 0], [1, 1, 1, 1, 0, 18, 1, 0, 1])
([-1, 0, 0, 0, 0, 1, 1, 0, -1, 0], [5, 5, 5, 11, 0, 0, 7, 0, 5])
([1, 0, 0, 0, -1, 1, 1, 0, -1, 0], [9, 1, 1, 0, 0, 0, 1, 0, 1])
([-1, 1, 0, 0, -1, 1, 1, 0, -1, 0], [0, 5, 5, 0, 0, 0, 5, 0, 4])
([1, 1, 0, -1, -1, 1, 1, 0, -1, 0], [0, 1, 0, 0, 0, 0, 3, 0, 1])
([1, 0, 0, 0, 0, 0, 0, 0, 0, 0], [2, 5, 2, 2, 2, 35, 1, 1, 1])
([-1, 0, 0, 0, 1, 0, 0, 0, 0, 0], [2, 3, 1, 0, 1, 2, 1, 1, 1])
([1, 0, -1, 0, 1, 0, 0, 0, 0, 0], [1, 0, 1, 0, 1, 1, 1, 12, 1])
([-1, 0, -1, 0, 1, 0, 0, 0, 1, 0], [2, 0, 2, 0, 2, 2, 6, 0, 2])
([1, 0, -1, 0, 1, 0, 0, -1, 1, 0], [2, 0, 2, 0, 1, 1, 0, 0, 1])
([-1, 0, -1, 1, 1, 0, 0, -1, 1, 0], [1, 0, 0, 0, 1, 1, 0, 0, 1])
([1, -1, -1, 1, 1, 0, 0, -1, 1, 0], [0, 0, 0, 0, 3, 1, 0, 0, 1])
([-1, -1, -1, 1, 1, 0, 1, -1, 1, 0], [0, 0, 0, 0, 1, 0, 0, 0, 1])
([1, -1, -1, 1, 1, 0, 1, -1, 1, -1], [0, 0, 0, 0, 3, 0, 0, 0, 0])
([1, 0, 0, 0, 0, 0, 0, 0, 0, 0], [3, 2, 57, 1, 1, 1, 3, 1, 1])
([-1, 0, 0, 1, 0, 0, 0, 0, 0, 0], [3, 3, 0, 1, 1, 1, 1, 1, 1])
([1, 0, -1, 1, 0, 0, 0, 0, 0, 0], [1, 0, 0, 3, 1, 1, 1, 1, 1])
([-1, 0, -1, 1, 0, 0, 0, 0, 0, 1], [2, 0, 0, 2, 2, 2, 4, 1, 0])
([1, -1, -1, 1, 0, 0, 0, 0, 0, 1], [0, 0, 0, 2, 8, 1, 1, 1, 0])
([-1, -1, -1, 1, 0, 1, 0, 0, 0, 1], [0, 0, 0, 3, 0, 2, 2, 2, 0])
([1, -1, -1, 1, 0, 1, 0, -1, 0, 1], [0, 0, 0, 3, 0, 1, 0, 1, 0])
([1, 0, 0, 0, 0, 0, 0, 0, 0, 0], [2, 2, 2, 5, 114, 3, 7, 3, 3])
([-1, 0, 0, 0, 0, 1, 0, 0, 0, 0], [9, 9, 6, 4, 0, 6, 7, 6, 5])
([1, 0, -1, 0, 0, 1, 0, 0, 0, 0], [1, 0, 1, 1, 0, 1, 1, 1, 35])
([-1, 0, -1, 0, 0, 1, 0, 0, 0, 1], [4, 0, 4, 4, 0, 11, 4, 4, 0])
([1, -1, -1, 0, 0, 1, 0, 0, 0, 1], [0, 0, 1, 16, 0, 1, 1, 1, 0])
([-1, -1, -1, 0, 0, 1, 1, 0, 0, 1], [0, 0, 4, 3, 0, 0, 3, 3, 0])
([1, -1, -1, -1, 0, 1, 1, 0, 0, 1], [0, 0, 0, 1, 0, 0, 5, 1, 0])
([1, 0, 0, 0, 0, 0, 0, 0, 0, 0], [12, 3, 5, 2, 17, 1, 1, 1, 1])
([-1, 0, 0, 1, 0, 0, 0, 0, 0, 0], [11, 7, 0, 11, 7, 7, 7, 7, 10])
([1, 0, 0, 1, 0, 0, 0, 0, -1, 0], [9, 1, 0, 1, 2, 1, 1, 0, 1])
([-1, 0, 0, 1, 0, 0, 0, 0, -1, 1], [3, 4, 0, 5, 1, 1, 1, 0, 0])
([1, 0, 0, 1, 0, 0, 0, -1, -1, 1], [2, 2, 0, 7, 1, 1, 0, 0, 0])
([-1, 0, 1, 1, 0, 0, 0, -1, -1, 1], [6, 0, 0, 4, 4, 4, 0, 0, 0])
([1, 0, 1, 1, 0, 0, -1, -1, -1, 1], [1, 0, 0, 1, 6, 0, 0, 0, 0])
([-1, 0, 1, 1, 0, 1, -1, -1, -1, 1], [3, 0, 0, 3, 0, 0, 0, 0, 0])
([1, 0, 1, 1, -1, 1, -1, -1, -1, 1], [3, 0, 0, 0, 0, 0, 0, 0, 0])
([1, 0, 0, 0, 0, 0, 0, 0, 0, 0], [1, 1, 1, 1, 1, 1, 43, 1, 1])
([-1, 0, 0, 0, 0, 0, 0, 1, 0, 0], [4, 7, 7, 4, 11, 7, 0, 7, 4])
([1, 0, 0, 0, 0, 0, -1, 1, 0, 0], [1, 45, 1, 1, 1, 0, 0, 1, 1])
([-1, 0, 1, 0, 0, 0, -1, 1, 0, 0], [3, 0, 7, 3, 3, 0, 0, 6, 3])
([1, 0, 1, -1, 0, 0, -1, 1, 0, 0], [2, 0, 0, 2, 2, 0, 0, 10, 9])
([-1, 0, 1, -1, 0, 0, -1, 1, 1, 0], [1, 0, 0, 1, 1, 0, 0, 0, 8])
([1, 0, 1, -1, 0, -1, -1, 1, 1, 0], [1, 0, 0, 1, 0, 0, 0, 0, 3])
([1, 0, 0, 0, 0, 0, 0, 0, 0, 0], [9, 2, 17, 1, 2, 1, 1, 1, 1])
([-1, 0, 0, 0, 1, 0, 0, 0, 0, 0], [3, 3, 3, 0, 3, 3, 6, 2, 2])
([1, 0, 0, 0, 1, 0, -1, 0, 0, 0], [2, 3, 9, 0, 1, 0, 1, 1, 28])
([-1, 0, 1, 0, 1, 0, -1, 0, 0, 0], [4, 0, 4, 0, 3, 0, 3, 3, 3])
([1, 0, 1, 0, 1, -1, -1, 0, 0, 0], [1, 0, 17, 0, 0, 0, 1, 1, 1])
([1, 0, 0, 0, 0, 0, 0, 0, 0, 0], [2, 2, 17, 1, 1, 1, 1, 1, 1])
([-1, 0, 0, 1, 0, 0, 0, 0, 0, 0], [6, 6, 0, 6, 6, 8, 4, 4, 4])
([1, 0, 0, 1, 0, 0, -1, 0, 0, 0], [5, 1, 0, 1, 1, 0, 1, 1, 1])
([-1, 0, 0, 1, 0, 0, -1, 1, 0, 0], [5, 5, 0, 5, 9, 0, 0, 5, 5])
([1, 0, 0, 1, 0, 0, -1, 1, 0, -1], [1, 1, 0, 1, 1, 0, 0, 8, 0])
([-1, 0, 0, 1, 0, 0, -1, 1, 1, -1], [5, 5, 0, 5, 4, 0, 0, 0, 0])
([1, 0, 0, 1, -1, 0, -1, 1, 1, -1], [1, 1, 0, 0, 5, 0, 0, 0, 0])
([1, 0, 0, 0, 0, 0, 0, 0, 0, 0], [1, 1, 1, 1, 1, 1, 52, 1, 1])
([-1, 0, 0, 0, 0, 0, 0, 1, 0, 0], [5, 5, 22, 5, 5, 9, 0, 5, 5])
([1, 0, 0, 0, 0, -1, 0, 1, 0, 0], [2, 10, 3, 1, 0, 1, 0, 1, 1])
([-1, 0, 0, 1, 0, -1, 0, 1, 0, 0], [8, 3, 0, 2, 0, 4, 0, 2, 2])
([1, -1, 0, 1, 0, -1, 0, 1, 0, 0], [0, 6, 0, 3, 0, 1, 0, 1, 1])
([-1, -1, 1, 1, 0, -1, 0, 1, 0, 0], [0, 0, 0, 3, 0, 3, 0, 2, 2])
([1, -1, 1, 1, -1, -1, 0, 1, 0, 0], [0, 0, 0, 0, 0, 3, 0, 1, 1])
([-1, -1, 1, 1, -1, -1, 1, 1, 0, 0], [0, 0, 0, 0, 0, 0, 0, 1, 1])
([1, 0, 0, 0, 0, 0, 0, 0, 0, 0], [3, 2, 3, 2, 35, 1, 1, 1, 1])
([-1, 0, 0, 0, 0, 1, 0, 0, 0, 0], [5, 5, 5, 7, 0, 5, 12, 5, 5])
([1, 0, 0, 0, -1, 1, 0, 0, 0, 0], [3, 3, 30, 0, 0, 3, 1, 1, 1])
([-1, 0, 1, 0, -1, 1, 0, 0, 0, 0], [3, 0, 15, 0, 0, 3, 3, 5, 5])
([1, 0, 1, -1, -1, 1, 0, 0, 0, 0], [2, 0, 0, 0, 0, 2, 6, 2, 2])
([-1, 0, 1, -1, -1, 1, 0, 1, 0, 0], [1, 0, 0, 0, 0, 5, 0, 1, 1])
([1, -1, 1, -1, -1, 1, 0, 1, 0, 0], [0, 0, 0, 0, 0, 1, 0, 1, 5])
([-1, -1, 1, -1, -1, 1, 0, 1, 1, 0], [0, 0, 0, 0, 0, 2, 0, 0, 2])
([1, -1, 1, -1, -1, 1, -1, 1, 1, 0], [0, 0, 0, 0, 0, 0, 0, 0, 3])
([1, 0, 0, 0, 0, 0, 0, 0, 0, 0], [2, 2, 2, 7, 2, 43, 1, 1, 1])
([-1, 0, 0, 0, 1, 0, 0, 0, 0, 0], [3, 5, 2, 0, 2, 2, 2, 2, 2])
([1, 0, 0, 0, 1, 0, -1, 0, 0, 0], [1, 1, 10, 0, 1, 0, 1, 1, 1])
([-1, 0, 0, 1, 1, 0, -1, 0, 0, 0], [4, 4, 0, 0, 3, 0, 3, 3, 3])
([1, 0, 0, 1, 1, -1, -1, 0, 0, 0], [3, 15, 0, 0, 0, 0, 1, 1, 1])
([1, 0, 0, 0, 0, 0, 0, 0, 0, 0], [16, 3, 12, 1, 1, 1, 1, 1, 1])
([-1, 0, 0, 0, 0, 1, 0, 0, 0, 0], [5, 11, 20, 11, 0, 17, 11, 16, 5])
([1, 0, 0, 0, 0, 1, -1, 0, 0, 0], [35, 1, 1, 1, 0, 0, 1, 1, 2])
([-1, 1, 0, 0, 0, 1, -1, 0, 0, 0], [0, 8, 4, 4, 0, 0, 8, 4, 4])
([1, 1, 0, 0, 0, 1, -1, 0, -1, 0], [0, 2, 6, 1, 0, 0, 1, 0, 2])
([-1, 1, 0, 1, 0, 1, -1, 0, -1, 0], [0, 3, 0, 2, 0, 0, 2, 0, 2])
([1, 1, 0, 1, -1, 1, -1, 0, -1, 0], [0, 6, 0, 0, 0, 0, 1, 0, 1])
([-1, 1, 0, 1, -1, 1, -1, 0, -1, 1], [0, 3, 0, 0, 0, 0, 3, 0, 0])
([1, 1, 0, 1, -1, 1, -1, -1, -1, 1], [0, 3, 0, 0, 0, 0, 0, 0, 0])
([1, 0, 0, 0, 0, 0, 0, 0, 0, 0], [2, 2, 2, 5, 1, 1, 1, 1, 1])
([-1, 1, 0, 0, 0, 0, 0, 0, 0, 0], [0, 5, 5, 4, 15, 13, 20, 3, 5])
([1, 1, 0, 0, 0, 0, 0, -1, 0, 0], [0, 3, 2, 10, 1, 1, 0, 1, 1])
([-1, 1, 0, 0, 1, 0, 0, -1, 0, 0], [0, 2, 2, 0, 1, 1, 0, 1, 1])
([1, 1, 0, 0, 1, -1, 0, -1, 0, 0], [0, 3, 2, 0, 0, 2, 0, 2, 2])
([-1, 1, 0, 0, 1, -1, 0, -1, 0, 1], [0, 1, 6, 0, 0, 1, 0, 1, 0])
([1, 0, 0, 0, 0, 0, 0, 0, 0, 0], [2, 3, 17, 1, 2, 1, 1, 1, 1])
([-1, 0, 1, 0, 0, 0, 0, 0, 0, 0], [16, 0, 14, 2, 12, 2, 6, 2, 2])
([1, -1, 1, 0, 0, 0, 0, 0, 0, 0], [0, 0, 3, 3, 33, 1, 5, 1, 1])
([-1, -1, 1, 0, 0, 1, 0, 0, 0, 0], [0, 0, 9, 3, 0, 1, 1, 1, 1])
([1, -1, 1, 0, 0, 1, 0, 0, 0, -1], [0, 0, 14, 1, 0, 1, 1, 3, 0])
([-1, -1, 1, 0, 0, 1, 0, 0, 1, -1], [0, 0, 2, 1, 0, 2, 1, 0, 0])
([1, -1, 1, 0, 0, 1, -1, 0, 1, -1], [0, 0, 6, 1, 0, 0, 1, 0, 0])
([-1, -1, 1, 0, 0, 1, -1, 1, 1, -1], [0, 0, 3, 1, 0, 0, 0, 0, 0])
([1, 0, 0, 0, 0, 0, 0, 0, 0, 0], [2, 2, 5, 16, 1, 1, 1, 1, 1])
([-1, 0, 0, 0, 1, 0, 0, 0, 0, 0], [7, 9, 9, 0, 15, 7, 9, 7, 7])
([1, 0, 0, 0, 1, -1, 0, 0, 0, 0], [2, 5, 2, 0, 0, 8, 2, 1, 1])
([-1, 0, 0, 1, 1, -1, 0, 0, 0, 0], [3, 3, 0, 0, 0, 2, 2, 2, 2])
([1, 0, 0, 1, 1, -1, 0, 0, 0, -1], [1, 19, 0, 0, 0, 1, 1, 1, 0])
([1, 0, 0, 0, 0, 0, 0, 0, 0, 0], [3, 5, 2, 5, 51, 1, 3, 1, 1])
([-1, 0, 0, 0, 0, 1, 0, 0, 0, 0], [6, 6, 14, 18, 0, 6, 12, 8, 6])
([1, 0, 0, 0, 0, 1, 0, 0, 0, -1], [1, 1, 1, 1, 0, 43, 1, 1, 0])
([-1, 0, 0, 0, 0, 1, 1, 0, 0, -1], [8, 6, 6, 6, 0, 0, 6, 6, 0])
([1, 0, 0, 0, 0, 1, 1, 0, -1, -1], [16, 1, 1, 1, 0, 0, 1, 0, 0])
([-1, 1, 0, 0, 0, 1, 1, 0, -1, -1], [0, 4, 4, 3, 0, 0, 3, 0, 0])
([1, 1, -1, 0, 0, 1, 1, 0, -1, -1], [0, 0, 5, 1, 0, 0, 1, 0, 0])
([-1, 1, -1, 1, 0, 1, 1, 0, -1, -1], [0, 0, 0, 3, 0, 0, 3, 0, 0])
([1, 1, -1, 1, 0, 1, 1, -1, -1, -1], [0, 0, 0, 3, 0, 0, 0, 0, 0])
([1, 0, 0, 0, 0, 0, 0, 0, 0, 0], [1, 1, 74, 1, 1, 1, 1, 1, 1])
([-1, 0, 0, 1, 0, 0, 0, 0, 0, 0], [2, 3, 0, 1, 3, 1, 1, 1, 1])
([1, 0, 0, 1, 0, -1, 0, 0, 0, 0], [1, 1, 0, 1, 0, 1, 10, 1, 1])
([-1, 0, 0, 1, 0, -1, 0, 1, 0, 0], [6, 3, 0, 2, 0, 2, 0, 2, 2])
([1, -1, 0, 1, 0, -1, 0, 1, 0, 0], [0, 1, 0, 1, 0, 1, 0, 7, 1])
([-1, -1, 0, 1, 0, -1, 0, 1, 1, 0], [0, 3, 0, 3, 0, 2, 0, 0, 2])
([1, -1, -1, 1, 0, -1, 0, 1, 1, 0], [0, 0, 0, 3, 0, 1, 0, 0, 1])
([1, 0, 0, 0, 0, 0, 0, 0, 0, 0], [3, 2, 3, 11, 1, 1, 2, 1, 1])
([-1, 0, 0, 1, 0, 0, 0, 0, 0, 0], [2, 3, 0, 2, 1, 1, 1, 1, 1])
([1, 0, 0, 1, 0, 0, 0, -1, 0, 0], [2, 88, 0, 1, 1, 1, 0, 1, 2])
([-1, 0, 1, 1, 0, 0, 0, -1, 0, 0], [16, 0, 0, 15, 15, 15, 0, 16, 15])
([1, 0, 1, 1, 0, -1, 0, -1, 0, 0], [18, 0, 0, 1, 0, 1, 0, 1, 1])
([-1, 0, 1, 1, 0, -1, 0, -1, 1, 0], [6, 0, 0, 4, 0, 4, 0, 0, 4])
([1, -1, 1, 1, 0, -1, 0, -1, 1, 0], [0, 0, 0, 5, 0, 1, 0, 0, 1])
([1, 0, 0, 0, 0, 0, 0, 0, 0, 0], [5, 13, 1, 1, 1, 1, 1, 1, 7])
([-1, 1, 0, 0, 0, 0, 0, 0, 0, 0], [0, 11, 7, 6, 25, 7, 23, 7, 9])
([1, 1, 0, 0, 0, 0, 0, -1, 0, 0], [0, 5, 5, 6, 3, 4, 0, 3, 12])
([-1, 1, 0, 0, 0, 0, 0, -1, 0, 1], [0, 20, 3, 2, 3, 3, 0, 2, 0])
([1, 1, -1, 0, 0, 0, 0, -1, 0, 1], [0, 0, 5, 4, 7, 3, 0, 3, 0])
([-1, 1, -1, 0, 0, 1, 0, -1, 0, 1], [0, 0, 2, 2, 0, 7, 0, 1, 0])
([1, 1, -1, 0, 0, 1, -1, -1, 0, 1], [0, 0, 2, 3, 0, 0, 0, 1, 0])
([-1, 1, -1, 0, 1, 1, -1, -1, 0, 1], [0, 0, 2, 0, 0, 0, 0, 2, 0])
([1, 1, -1, 0, 1, 1, -1, -1, -1, 1], [0, 0, 1, 0, 0, 0, 0, 0, 0])
([1, 0, 0, 0, 0, 0, 0, 0, 0, 0], [2, 2, 2, 3, 2, 3, 2, 120, 1])
([-1, 0, 0, 0, 0, 0, 0, 0, 1, 0], [6, 5, 5, 10, 16, 8, 12, 0, 4])
([1, 0, 0, 0, -1, 0, 0, 0, 1, 0], [26, 1, 1, 0, 1, 2, 1, 0, 1])
([-1, 1, 0, 0, -1, 0, 0, 0, 1, 0], [0, 10, 4, 0, 4, 4, 6, 0, 6])
([1, 1, 0, 0, -1, -1, 0, 0, 1, 0], [0, 1, 11, 0, 0, 1, 1, 0, 1])
([-1, 1, 0, 1, -1, -1, 0, 0, 1, 0], [0, 4, 0, 0, 0, 2, 2, 0, 2])
([1, 1, -1, 1, -1, -1, 0, 0, 1, 0], [0, 0, 0, 0, 0, 1, 3, 0, 1])
([-1, 1, -1, 1, -1, -1, 0, 1, 1, 0], [0, 0, 0, 0, 0, 1, 0, 0, 1])
([1, 1, -1, 1, -1, -1, 0, 1, 1, -1], [0, 0, 0, 0, 0, 3, 0, 0, 0])
([1, 0, 0, 0, 0, 0, 0, 0, 0, 0], [2, 2, 2, 9, 3, 2, 3, 111, 2])
([-1, 0, 0, 0, 0, 0, 0, 0, 1, 0], [6, 5, 5, 5, 5, 6, 38, 0, 4])
([1, 0, -1, 0, 0, 0, 0, 0, 1, 0], [1, 0, 1, 1, 1, 1, 14, 0, 1])
([-1, 0, -1, 0, 0, 0, 0, 1, 1, 0], [7, 0, 7, 7, 6, 8, 0, 0, 6])
([1, 0, -1, -1, 0, 0, 0, 1, 1, 0], [1, 0, 0, 1, 8, 1, 0, 0, 1])
([-1, 0, -1, -1, 0, 1, 0, 1, 1, 0], [3, 0, 0, 3, 0, 2, 0, 0, 2])
([1, 0, -1, -1, -1, 1, 0, 1, 1, 0], [1, 0, 0, 0, 0, 1, 0, 0, 5])
([1, 0, 0, 0, 0, 0, 0, 0, 0, 0], [1, 1, 1, 1, 1, 1, 58, 1, 1])
([-1, 0, 0, 0, 0, 0, 0, 1, 0, 0], [2, 2, 4, 2, 2, 2, 0, 24, 2])
([1, 0, -1, 0, 0, 0, 0, 1, 0, 0], [1, 0, 1, 8, 1, 1, 0, 1, 1])
([-1, 0, -1, 0, 1, 0, 0, 1, 0, 0], [2, 0, 4, 0, 1, 2, 0, 1, 1])
([1, 0, -1, -1, 1, 0, 0, 1, 0, 0], [1, 0, 0, 0, 1, 1, 0, 9, 1])
([-1, 0, -1, -1, 1, 0, 0, 1, 1, 0], [3, 0, 0, 0, 2, 2, 0, 0, 2])
([1, -1, -1, -1, 1, 0, 0, 1, 1, 0], [0, 0, 0, 0, 1, 1, 0, 0, 6])
([1, 0, 0, 0, 0, 0, 0, 0, 0, 0], [1, 1, 1, 1, 1, 39, 1, 1, 1])
([-1, 0, 0, 0, 0, 0, 1, 0, 0, 0], [6, 2, 2, 2, 2, 0, 33, 2, 2])
([1, 0, 0, 0, 0, 0, 1, -1, 0, 0], [4, 6, 3, 11, 2, 0, 0, 2, 2])
([-1, 0, 0, 0, 1, 0, 1, -1, 0, 0], [3, 4, 1, 0, 2, 0, 0, 1, 1])
([1, 0, 0, -1, 1, 0, 1, -1, 0, 0], [1, 1, 0, 0, 8, 0, 0, 1, 1])
([-1, 0, 1, -1, 1, 0, 1, -1, 0, 0], [1, 0, 0, 0, 3, 0, 0, 1, 1])
([1, 0, 0, 0, 0, 0, 0, 0, 0, 0], [3, 68, 1, 1, 1, 1, 1, 16, 1])
([-1, 0, 1, 0, 0, 0, 0, 0, 0, 0], [3, 0, 32, 2, 2, 6, 2, 2, 2])
([1, 0, 1, -1, 0, 0, 0, 0, 0, 0], [2, 0, 0, 2, 2, 2, 2, 2, 10])
([-1, 0, 1, -1, 1, 0, 0, 0, 0, 0], [1, 0, 0, 0, 8, 1, 1, 1, 1])
([1, 0, 1, -1, 1, -1, 0, 0, 0, 0], [2, 0, 0, 0, 0, 3, 2, 1, 1])
([-1, 0, 1, -1, 1, -1, 1, 0, 0, 0], [1, 0, 0, 0, 0, 0, 3, 1, 1])
([1, 0, 0, 0, 0, 0, 0, 0, 0, 0], [2, 3, 10, 8, 7, 3, 18, 1, 1])
([-1, 0, 0, 1, 0, 0, 0, 0, 0, 0], [8, 8, 0, 8, 10, 8, 12, 8, 8])
([1, -1, 0, 1, 0, 0, 0, 0, 0, 0], [0, 1, 0, 1, 24, 1, 1, 1, 1])
([-1, -1, 0, 1, 0, 1, 0, 0, 0, 0], [0, 6, 0, 6, 0, 6, 8, 6, 6])
([1, -1, 0, 1, -1, 1, 0, 0, 0, 0], [0, 12, 0, 0, 0, 3, 1, 1, 1])
([-1, -1, 1, 1, -1, 1, 0, 0, 0, 0], [0, 0, 0, 0, 0, 4, 8, 2, 2])
([1, -1, 1, 1, -1, 1, -1, 0, 0, 0], [0, 0, 0, 0, 0, 0, 5, 1, 3])
([1, 0, 0, 0, 0, 0, 0, 0, 0, 0], [2, 35, 1, 2, 1, 1, 1, 1, 1])
([-1, 0, 1, 0, 0, 0, 0, 0, 0, 0], [2, 0, 21, 2, 2, 4, 2, 2, 2])
([1, 0, 1, 0, 0, 0, 0, -1, 0, 0], [2, 0, 3, 3, 1, 1, 0, 1, 1])
([-1, 0, 1, 0, 1, 0, 0, -1, 0, 0], [2, 0, 2, 0, 3, 1, 0, 1, 1])
([1, 0, 1, 0, 1, -1, 0, -1, 0, 0], [1, 0, 20, 0, 0, 1, 0, 1, 1])
([1, 0, 0, 0, 0, 0, 0, 0, 0, 0], [2, 24, 1, 1, 3, 1, 1, 1, 1])
([-1, 0, 1, 0, 0, 0, 0, 0, 0, 0], [6, 0, 21, 13, 4, 6, 10, 8, 6])
([1, 0, 1, 0, 0, 0, 0, 0, -1, 0], [2, 0, 2, 14, 3, 1, 1, 0, 1])
([-1, 0, 1, 0, 1, 0, 0, 0, -1, 0], [2, 0, 5, 0, 1, 1, 1, 0, 1])
([1, 0, 1, -1, 1, 0, 0, 0, -1, 0], [2, 0, 0, 0, 2, 7, 1, 0, 1])
([-1, 0, 1, -1, 1, 0, 1, 0, -1, 0], [3, 0, 0, 0, 2, 0, 2, 0, 1])
([1, -1, 1, -1, 1, 0, 1, 0, -1, 0], [0, 0, 0, 0, 4, 0, 1, 0, 1])
([1, 0, 0, 0, 0, 0, 0, 0, 0, 0], [1, 1, 1, 23, 1, 1, 1, 1, 1])
([-1, 0, 1, 0, 0, 0, 0, 0, 0, 0], [2, 0, 3, 3, 41, 2, 3, 3, 2])
([1, 0, 1, 0, -1, 0, 0, 0, 0, 0], [1, 0, 1, 0, 1, 1, 24, 1, 1])
([-1, 0, 1, 0, -1, 0, 0, 1, 0, 0], [3, 0, 3, 0, 6, 3, 0, 3, 3])
([1, 0, 1, 0, -1, -1, 0, 1, 0, 0], [1, 0, 1, 0, 0, 1, 0, 17, 1])
([-1, 0, 1, 0, -1, -1, 0, 1, 1, 0], [3, 0, 3, 0, 0, 2, 0, 0, 2])
([1, -1, 1, 0, -1, -1, 0, 1, 1, 0], [0, 0, 1, 0, 0, 3, 0, 0, 1])
([1, 0, 0, 0, 0, 0, 0, 0, 0, 0], [1, 1, 63, 1, 1, 1, 1, 1, 1])
([-1, 0, 0, 1, 0, 0, 0, 0, 0, 0], [3, 5, 0, 2, 2, 4, 2, 2, 4])
([1, 0, -1, 1, 0, 0, 0, 0, 0, 0], [1, 0, 0, 1, 10, 1, 1, 1, 1])
([-1, 0, -1, 1, 1, 0, 0, 0, 0, 0], [1, 0, 0, 0, 1, 1, 1, 1, 1])
([1, 0, -1, 1, 1, 0, -1, 0, 0, 0], [2, 0, 0, 0, 1, 0, 2, 1, 1])
([1, 0, 0, 0, 0, 0, 0, 0, 0, 0], [1, 1, 1, 18, 1, 1, 1, 1, 1])
([-1, 0, 0, 0, 1, 0, 0, 0, 0, 0], [3, 5, 2, 0, 2, 6, 2, 2, 2])
([1, 0, 0, 0, 1, -1, 0, 0, 0, 0], [2, 5, 9, 0, 0, 1, 2, 1, 1])
([-1, 0, 0, 1, 1, -1, 0, 0, 0, 0], [4, 3, 0, 0, 0, 2, 2, 2, 2])
([1, 0, 0, 1, 1, -1, 0, 0, -1, 0], [1, 20, 0, 0, 0, 1, 1, 0, 1])
([1, 0, 0, 0, 0, 0, 0, 0, 0, 0], [7, 3, 59, 1, 1, 1, 1, 1, 3])
([-1, 0, 0, 1, 0, 0, 0, 0, 0, 0], [21, 10, 0, 13, 11, 10, 10, 10, 11])
([1, 0, 0, 1, 0, 0, -1, 0, 0, 0], [33, 2, 0, 1, 1, 0, 1, 1, 1])
([-1, 0, 0, 1, 0, 0, -1, 0, 1, 0], [6, 4, 0, 2, 2, 0, 2, 0, 2])
([1, -1, 0, 1, 0, 0, -1, 0, 1, 0], [0, 17, 0, 1, 1, 0, 1, 0, 1])
([-1, -1, 1, 1, 0, 0, -1, 0, 1, 0], [0, 0, 0, 6, 4, 0, 5, 0, 4])
([1, -1, 1, 1, 0, -1, -1, 0, 1, 0], [0, 0, 0, 6, 0, 0, 1, 0, 1])
([1, 0, 0, 0, 0, 0, 0, 0, 0, 0], [1, 55, 1, 1, 1, 1, 1, 1, 1])
([-1, 0, 1, 0, 0, 0, 0, 0, 0, 0], [3, 0, 20, 3, 5, 3, 2, 2, 2])
([1, 0, 1, 0, -1, 0, 0, 0, 0, 0], [2, 0, 2, 0, 2, 2, 36, 1, 3])
([-1, 0, 1, 0, -1, 0, 0, 1, 0, 0], [8, 0, 18, 0, 7, 6, 0, 6, 6])
([1, 0, 1, 0, -1, 0, 0, 1, 0, -1], [1, 0, 19, 0, 1, 1, 0, 1, 0])
([-1, 1, 1, 0, -1, 0, 0, 1, 0, -1], [0, 0, 3, 0, 3, 2, 0, 2, 0])
([1, 1, 1, -1, -1, 0, 0, 1, 0, -1], [0, 0, 0, 0, 2, 4, 0, 2, 0])
([-1, 1, 1, -1, -1, 0, 1, 1, 0, -1], [0, 0, 0, 0, 3, 0, 0, 3, 0])
([1, 1, 1, -1, -1, -1, 1, 1, 0, -1], [0, 0, 0, 0, 0, 0, 0, 3, 0])
([1, 0, 0, 0, 0, 0, 0, 0, 0, 0], [1, 1, 1, 1, 1, 38, 1, 1, 1])
([-1, 0, 0, 0, 0, 0, 0, 1, 0, 0], [4, 7, 4, 4, 4, 4, 0, 4, 4])
([1, 0, 0, 0, 0, 0, 0, 1, 0, -1], [1, 1, 16, 1, 1, 1, 0, 1, 0])
([-1, 0, 0, 0, 0, 0, 1, 1, 0, -1], [3, 3, 3, 3, 3, 0, 0, 2, 0])
([1, 0, 0, -1, 0, 0, 1, 1, 0, -1], [1, 1, 0, 1, 1, 0, 0, 10, 0])
([-1, 0, 0, -1, 1, 0, 1, 1, 0, -1], [3, 3, 0, 0, 2, 0, 0, 2, 0])
([1, -1, 0, -1, 1, 0, 1, 1, 0, -1], [0, 1, 0, 0, 1, 0, 0, 5, 0])
([1, 0, 0, 0, 0, 0, 0, 0, 0, 0], [3, 12, 3, 8, 2, 53, 1, 1, 1])
([-1, 0, 0, 0, 0, 0, 0, 0, 1, 0], [4, 4, 3, 4, 6, 3, 26, 0, 4])
([1, 0, 0, 0, 0, 0, 0, -1, 1, 0], [3, 16, 3, 3, 15, 18, 0, 0, 10])
([-1, 0, 0, 0, 0, 1, 0, -1, 1, 0], [5, 2, 2, 4, 0, 2, 0, 0, 4])
([1, 0, 0, 0, 0, 1, 0, -1, 1, -1], [14, 1, 1, 1, 0, 1, 0, 0, 0])
([-1, 0, 0, 1, 0, 1, 0, -1, 1, -1], [6, 3, 0, 2, 0, 2, 0, 0, 0])
([1, -1, 0, 1, 0, 1, 0, -1, 1, -1], [0, 2, 0, 5, 0, 1, 0, 0, 0])
([1, 0, 0, 0, 0, 0, 0, 0, 0, 0], [1, 1, 1, 1, 57, 1, 1, 1, 1])
([-1, 0, 0, 0, 0, 1, 0, 0, 0, 0], [7, 4, 5, 7, 0, 5, 4, 3, 3])
([1, 0, 0, 0, -1, 1, 0, 0, 0, 0], [1, 1, 1, 0, 0, 26, 1, 1, 1])
([-1, 0, 0, 0, -1, 1, 1, 0, 0, 0], [3, 3, 3, 0, 0, 0, 9, 2, 2])
([1, 0, 0, 0, -1, 1, 1, -1, 0, 0], [2, 4, 3, 0, 0, 0, 0, 1, 1])
([-1, 1, 0, 0, -1, 1, 1, -1, 0, 0], [0, 9, 2, 0, 0, 0, 0, 2, 2])
([1, 1, 0, -1, -1, 1, 1, -1, 0, 0], [0, 4, 0, 0, 0, 0, 0, 2, 2])
([1, 0, 0, 0, 0, 0, 0, 0, 0, 0], [1, 1, 1, 1, 1, 16, 1, 1, 1])
([-1, 0, 0, 0, 0, 0, 1, 0, 0, 0], [8, 10, 7, 14, 12, 0, 12, 5, 12])
([1, 0, 0, 0, 0, -1, 1, 0, 0, 0], [2, 5, 10, 1, 0, 0, 2, 1, 1])
([-1, 0, 1, 0, 0, -1, 1, 0, 0, 0], [4, 0, 4, 4, 0, 0, 5, 7, 10])
([1, 0, 1, 0, 0, -1, 1, 0, -1, 0], [1, 0, 1, 7, 0, 0, 1, 0, 1])
([-1, 0, 1, 0, 1, -1, 1, 0, -1, 0], [3, 0, 2, 0, 0, 0, 2, 0, 2])
([1, -1, 1, 0, 1, -1, 1, 0, -1, 0], [0, 0, 1, 0, 0, 0, 3, 0, 1])
([-1, -1, 1, 0, 1, -1, 1, 1, -1, 0], [0, 0, 1, 0, 0, 0, 0, 0, 1])
([1, 0, 0, 0, 0, 0, 0, 0, 0, 0], [2, 2, 3, 7, 5, 2, 38, 1, 1])
([-1, 0, 0, 0, 0, 1, 0, 0, 0, 0], [18, 7, 14, 11, 0, 12, 9, 9, 7])
([1, -1, 0, 0, 0, 1, 0, 0, 0, 0], [0, 1, 1, 1, 0, 1, 35, 1, 1])
([-1, -1, 0, 0, 0, 1, 0, 1, 0, 0], [0, 5, 12, 5, 0, 7, 0, 7, 5])
([1, -1, 0, -1, 0, 1, 0, 1, 0, 0], [0, 1, 0, 1, 0, 1, 0, 1, 18])
([-1, -1, 0, -1, 0, 1, 0, 1, 0, 1], [0, 3, 0, 3, 0, 2, 0, 2, 0])
([1, -1, 0, -1, -1, 1, 0, 1, 0, 1], [0, 1, 0, 0, 0, 3, 0, 1, 0])
([1, 0, 0, 0, 0, 0, 0, 0, 0, 0], [24, 5, 44, 1, 1, 1, 1, 2, 1])
([-1, 1, 0, 0, 0, 0, 0, 0, 0, 0], [0, 7, 5, 9, 17, 33, 2, 7, 7])
([1, 1, 0, 0, 0, 0, -1, 0, 0, 0], [0, 2, 14, 1, 1, 0, 1, 1, 1])
([-1, 1, 0, 1, 0, 0, -1, 0, 0, 0], [0, 4, 0, 4, 4, 0, 4, 3, 3])
([1, 1, -1, 1, 0, 0, -1, 0, 0, 0], [0, 0, 0, 2, 1, 0, 3, 1, 1])
([-1, 1, -1, 1, 0, 1, -1, 0, 0, 0], [0, 0, 0, 2, 0, 0, 3, 1, 1])
([1, 1, -1, 1, 0, 1, -1, -1, 0, 0], [0, 0, 0, 3, 0, 0, 0, 1, 1])
([1, 0, 0, 0, 0, 0, 0, 0, 0, 0], [4, 5, 2, 70, 3, 5, 3, 7, 3])
([-1, 0, 0, 0, 1, 0, 0, 0, 0, 0], [3, 2, 2, 0, 2, 2, 5, 1, 1])
([1, 0, 0, 0, 1, -1, 0, 0, 0, 0], [2, 5, 2, 0, 0, 9, 1, 1, 1])
([-1, 0, 0, 0, 1, -1, 1, 0, 0, 0], [2, 3, 11, 0, 0, 0, 1, 1, 1])
([1, 0, -1, 0, 1, -1, 1, 0, 0, 0], [3, 0, 1, 0, 0, 0, 1, 1, 1])
([-1, 1, -1, 0, 1, -1, 1, 0, 0, 0], [0, 0, 1, 0, 0, 0, 1, 1, 1])
([1, 0, 0, 0, 0, 0, 0, 0, 0, 0], [2, 2, 3, 3, 66, 1, 1, 1, 1])
([-1, 0, 0, 0, 0, 1, 0, 0, 0, 0], [2, 2, 2, 4, 0, 4, 4, 2, 2])
([1, 0, 0, -1, 0, 1, 0, 0, 0, 0], [2, 5, 0, 20, 0, 1, 1, 1, 1])
([-1, 0, 1, -1, 0, 1, 0, 0, 0, 0], [1, 0, 0, 1, 0, 1, 3, 1, 1])
([1, 0, 1, -1, 0, 1, 0, -1, 0, 0], [1, 0, 0, 1, 0, 1, 0, 1, 1])
([-1, 0, 1, -1, 1, 1, 0, -1, 0, 0], [1, 0, 0, 0, 0, 3, 0, 1, 1])
([1, -1, 1, -1, 1, 1, 0, -1, 0, 0], [0, 0, 0, 0, 0, 1, 0, 1, 1])
([-1, -1, 1, -1, 1, 1, 0, -1, 0, 1], [0, 0, 0, 0, 0, 2, 0, 2, 0])
([1, -1, 1, -1, 1, 1, -1, -1, 0, 1], [0, 0, 0, 0, 0, 0, 0, 1, 0])
([1, 0, 0, 0, 0, 0, 0, 0, 0, 0], [1, 1, 1, 1, 1, 1, 1, 110, 1])
([-1, 0, 0, 0, 0, 1, 0, 0, 0, 0], [5, 3, 10, 5, 0, 5, 3, 7, 3])
([1, 0, 0, 0, 0, 1, -1, 0, 0, 0], [1, 1, 43, 1, 0, 0, 1, 1, 1])
([-1, 0, 0, 1, 0, 1, -1, 0, 0, 0], [3, 3, 0, 2, 0, 0, 2, 2, 2])
([1, -1, 0, 1, 0, 1, -1, 0, 0, 0], [0, 15, 0, 1, 0, 0, 1, 1, 1])
([-1, -1, 1, 1, 0, 1, -1, 0, 0, 0], [0, 0, 0, 5, 0, 0, 4, 4, 4])
([1, -1, 1, 1, -1, 1, -1, 0, 0, 0], [0, 0, 0, 0, 0, 0, 5, 1, 3])
([1, 0, 0, 0, 0, 0, 0, 0, 0, 0], [3, 3, 2, 9, 19, 1, 1, 1, 1])
([-1, 0, 0, 1, 0, 0, 0, 0, 0, 0], [7, 8, 0, 15, 9, 5, 7, 5, 5])
([1, 0, 0, 1, -1, 0, 0, 0, 0, 0], [1, 1, 0, 0, 1, 1, 10, 1, 1])
([-1, 0, 0, 1, -1, 0, 1, 0, 0, 0], [3, 4, 0, 0, 1, 0, 1, 1, 1])
([1, 0, -1, 1, -1, 0, 1, 0, 0, 0], [6, 0, 0, 0, 2, 0, 2, 2, 2])
([-1, 0, -1, 1, -1, 1, 1, 0, 0, 0], [4, 0, 0, 0, 0, 0, 2, 2, 2])
([1, -1, -1, 1, -1, 1, 1, 0, 0, 0], [0, 0, 0, 0, 0, 0, 3, 1, 1])
([-1, -1, -1, 1, -1, 1, 1, 0, 0, 1], [0, 0, 0, 0, 0, 0, 3, 2, 0])
([1, 0, 0, 0, 0, 0, 0, 0, 0, 0], [1, 1, 1, 1, 1, 1, 18, 1, 1])
([-1, 0, 1, 0, 0, 0, 0, 0, 0, 0], [2, 0, 26, 2, 2, 2, 2, 2, 5])
([1, 0, 1, -1, 0, 0, 0, 0, 0, 0], [3, 0, 0, 3, 3, 4, 2, 2, 14])
([-1, 0, 1, -1, 1, 0, 0, 0, 0, 0], [1, 0, 0, 0, 8, 1, 1, 1, 1])
([1, 0, 1, -1, 1, -1, 0, 0, 0, 0], [3, 0, 0, 0, 0, 2, 2, 2, 2])
([-1, 0, 1, -1, 1, -1, 0, 1, 0, 0], [1, 0, 0, 0, 0, 7, 0, 1, 1])
([1, 0, 1, -1, 1, -1, -1, 1, 0, 0], [2, 0, 0, 0, 0, 0, 0, 3, 2])
([-1, 1, 1, -1, 1, -1, -1, 1, 0, 0], [0, 0, 0, 0, 0, 0, 0, 2, 3])
([1, 0, 0, 0, 0, 0, 0, 0, 0, 0], [2, 2, 48, 1, 1, 3, 1, 1, 1])
([-1, 0, 0, 1, 0, 0, 0, 0, 0, 0], [9, 7, 0, 8, 10, 8, 10, 8, 7])
([1, 0, 0, 1, 0, 0, 0, 0, 0, -1], [30, 1, 0, 1, 1, 1, 1, 1, 0])
([-1, 1, 0, 1, 0, 0, 0, 0, 0, -1], [0, 7, 0, 7, 7, 7, 7, 6, 0])
([1, 1, 0, 1, 0, -1, 0, 0, 0, -1], [0, 16, 0, 1, 0, 1, 1, 1, 0])
([1, 0, 0, 0, 0, 0, 0, 0, 0, 0], [5, 2, 3, 2, 3, 2, 107, 3, 2])
([-1, 0, 0, 0, 0, 0, 0, 1, 0, 0], [9, 12, 20, 9, 9, 8, 0, 14, 8])
([1, 0, 0, 0, 0, -1, 0, 1, 0, 0], [1, 1, 1, 1, 0, 1, 0, 9, 1])
([-1, 0, 0, 0, 0, -1, 0, 1, 0, 1], [2, 2, 2, 3, 0, 3, 0, 3, 0])
([1, 0, 0, 0, -1, -1, 0, 1, 0, 1], [1, 1, 1, 0, 0, 3, 0, 1, 0])
([-1, 0, 0, 0, -1, -1, 1, 1, 0, 1], [1, 1, 1, 0, 0, 0, 0, 1, 0])
([1, 0, 0, 0, -1, -1, 1, 1, -1, 1], [3, 1, 1, 0, 0, 0, 0, 0, 0])
([-1, 1, 0, 0, -1, -1, 1, 1, -1, 1], [0, 1, 1, 0, 0, 0, 0, 0, 0])
([1, 0, 0, 0, 0, 0, 0, 0, 0, 0], [2, 2, 23, 1, 1, 1, 1, 1, 1])
([-1, 0, 0, 0, 0, 0, 1, 0, 0, 0], [4, 3, 3, 3, 3, 0, 2, 2, 2])
([1, 0, 0, 0, 0, 0, 1, -1, 0, 0], [2, 2, 2, 4, 2, 0, 0, 2, 5])
([-1, 0, 0, 0, 0, 0, 1, -1, 0, 1], [7, 9, 8, 1, 1, 0, 0, 1, 0])
([1, 0, -1, 0, 0, 0, 1, -1, 0, 1], [2, 0, 2, 2, 5, 0, 0, 1, 0])
([-1, 1, -1, 0, 0, 0, 1, -1, 0, 1], [0, 0, 3, 1, 3, 0, 0, 1, 0])
([1, 0, 0, 0, 0, 0, 0, 0, 0, 0], [1, 1, 1, 1, 83, 1, 1, 1, 1])
([-1, 0, 0, 0, 0, 1, 0, 0, 0, 0], [8, 8, 8, 8, 0, 15, 10, 9, 8])
([1, 0, 0, 0, 0, 1, 0, 0, -1, 0], [3, 2, 9, 1, 0, 1, 1, 0, 1])
([-1, 0, 0, 1, 0, 1, 0, 0, -1, 0], [10, 10, 0, 12, 0, 10, 10, 0, 10])
([1, 0, -1, 1, 0, 1, 0, 0, -1, 0], [1, 0, 0, 1, 0, 1, 8, 0, 1])
([1, 0, 0, 0, 0, 0, 0, 0, 0, 0], [1, 1, 20, 1, 1, 1, 1, 1, 1])
([-1, 0, 0, 1, 0, 0, 0, 0, 0, 0], [9, 7, 0, 15, 9, 11, 7, 7, 7])
([1, 0, 0, 1, -1, 0, 0, 0, 0, 0], [1, 1, 0, 0, 1, 1, 10, 1, 1])
([-1, 0, 0, 1, -1, 0, 0, 1, 0, 0], [4, 4, 0, 0, 3, 3, 0, 3, 3])
([1, -1, 0, 1, -1, 0, 0, 1, 0, 0], [0, 1, 0, 0, 7, 1, 0, 1, 1])
([1, 0, 0, 0, 0, 0, 0, 0, 0, 0], [3, 2, 3, 2, 121, 1, 1, 1, 1])
([-1, 0, 0, 0, 0, 1, 0, 0, 0, 0], [4, 4, 4, 4, 0, 4, 6, 9, 5])
([1, 0, -1, 0, 0, 1, 0, 0, 0, 0], [3, 0, 11, 1, 0, 1, 1, 1, 1])
([-1, 0, -1, 0, 0, 1, 1, 0, 0, 0], [7, 0, 7, 7, 0, 0, 6, 6, 6])
([1, -1, -1, 0, 0, 1, 1, 0, 0, 0], [0, 0, 1, 1, 0, 0, 1, 16, 1])
([-1, -1, -1, 0, 0, 1, 1, 0, 1, 0], [0, 0, 4, 5, 0, 0, 3, 0, 3])
([1, -1, -1, 0, 0, 1, 1, 0, 1, -1], [0, 0, 5, 1, 0, 0, 1, 0, 0])
([1, 0, 0, 0, 0, 0, 0, 0, 0, 0], [1, 1, 1, 1, 82, 1, 1, 1, 1])
([-1, 0, 0, 0, 0, 1, 0, 0, 0, 0], [3, 3, 5, 6, 0, 3, 5, 8, 4])
([1, 0, -1, 0, 0, 1, 0, 0, 0, 0], [1, 0, 10, 1, 0, 1, 1, 1, 1])
([-1, 0, -1, 1, 0, 1, 0, 0, 0, 0], [4, 0, 0, 2, 0, 2, 2, 2, 2])
([1, 0, -1, 1, 0, 1, 0, 0, 0, -1], [1, 0, 0, 1, 0, 8, 1, 1, 0])
([-1, 0, -1, 1, 0, 1, 1, 0, 0, -1], [3, 0, 0, 3, 0, 0, 2, 2, 0])
([1, 0, -1, 1, 0, 1, 1, -1, 0, -1], [1, 0, 0, 3, 0, 0, 0, 1, 0])
([-1, 0, -1, 1, 0, 1, 1, -1, 1, -1], [2, 0, 0, 4, 0, 0, 0, 0, 0])
([1, 0, 0, 0, 0, 0, 0, 0, 0, 0], [2, 3, 10, 3, 2, 2, 91, 1, 1])
([-1, 0, 0, 0, 0, 0, 0, 1, 0, 0], [13, 12, 15, 8, 8, 10, 0, 17, 8])
([1, 0, 0, -1, 0, 0, 0, 1, 0, 0], [1, 1, 0, 1, 1, 18, 0, 1, 1])
([-1, 1, 0, -1, 0, 0, 0, 1, 0, 0], [0, 2, 0, 7, 2, 3, 0, 9, 1])
([1, 1, 0, -1, -1, 0, 0, 1, 0, 0], [0, 2, 0, 0, 2, 6, 0, 1, 1])
([-1, 1, 0, -1, -1, 0, 0, 1, 1, 0], [0, 2, 0, 0, 2, 4, 0, 0, 6])
([1, 1, 0, -1, -1, 0, 0, 1, 1, -1], [0, 1, 0, 0, 1, 5, 0, 0, 0])
([1, 0, 0, 0, 0, 0, 0, 0, 0, 0], [1, 1, 1, 1, 1, 1, 1, 35, 1])
([-1, 0, 0, 0, 0, 0, 0, 0, 1, 0], [4, 3, 8, 3, 4, 8, 22, 0, 2])
([1, 0, 0, 0, 0, 0, 0, 0, 1, -1], [1, 1, 1, 1, 17, 1, 1, 0, 0])
([-1, 0, 0, 0, 0, 1, 0, 0, 1, -1], [2, 2, 2, 2, 0, 2, 10, 0, 0])
([1, 0, -1, 0, 0, 1, 0, 0, 1, -1], [1, 0, 9, 1, 0, 1, 1, 0, 0])
([-1, 0, -1, 1, 0, 1, 0, 0, 1, -1], [3, 0, 0, 3, 0, 2, 2, 0, 0])
([1, 0, -1, 1, -1, 1, 0, 0, 1, -1], [1, 0, 0, 0, 0, 6, 1, 0, 0])
([-1, 0, -1, 1, -1, 1, 1, 0, 1, -1], [2, 0, 0, 0, 0, 0, 4, 0, 0])
([1, -1, -1, 1, -1, 1, 1, 0, 1, -1], [0, 0, 0, 0, 0, 0, 3, 0, 0])
([1, 0, 0, 0, 0, 0, 0, 0, 0, 0], [1, 1, 72, 1, 1, 1, 1, 1, 1])
([-1, 0, 1, 0, 0, 0, 0, 0, 0, 0], [24, 0, 42, 20, 10, 10, 16, 12, 14])
([1, 0, 1, -1, 0, 0, 0, 0, 0, 0], [1, 0, 0, 1, 1, 1, 1, 28, 1])
([-1, 0, 1, -1, 0, 0, 0, 0, 1, 0], [8, 0, 0, 6, 12, 2, 4, 0, 2])
([1, 0, 1, -1, -1, 0, 0, 0, 1, 0], [1, 0, 0, 0, 1, 1, 18, 0, 1])
([-1, 0, 1, -1, -1, 0, 0, 1, 1, 0], [3, 0, 0, 0, 3, 2, 0, 0, 6])
([1, 0, 1, -1, -1, 0, -1, 1, 1, 0], [1, 0, 0, 0, 1, 0, 0, 0, 5])
([1, 0, 0, 0, 0, 0, 0, 0, 0, 0], [1, 1, 1, 1, 64, 1, 1, 1, 1])
([-1, 0, 0, 0, 0, 1, 0, 0, 0, 0], [8, 6, 10, 4, 0, 4, 10, 4, 6])
([1, 0, 0, 0, 0, 1, 0, -1, 0, 0], [1, 1, 1, 10, 0, 1, 0, 1, 1])
([-1, 0, 0, 0, 1, 1, 0, -1, 0, 0], [3, 3, 2, 0, 0, 2, 0, 2, 2])
([1, 0, 0, -1, 1, 1, 0, -1, 0, 0], [1, 1, 0, 0, 0, 1, 0, 1, 8])
([-1, 0, 0, -1, 1, 1, 0, -1, 1, 0], [3, 3, 0, 0, 0, 8, 0, 0, 4])
([1, 0, 0, -1, 1, 1, 0, -1, 1, -1], [2, 2, 0, 0, 0, 4, 0, 0, 0])
([1, 0, 0, 0, 0, 0, 0, 0, 0, 0], [2, 3, 3, 53, 1, 1, 1, 1, 1])
([-1, 0, 0, 0, 1, 0, 0, 0, 0, 0], [1, 1, 1, 0, 1, 1, 5, 1, 1])
([1, -1, 0, 0, 1, 0, 0, 0, 0, 0], [0, 22, 2, 0, 1, 1, 1, 1, 1])
([-1, -1, 1, 0, 1, 0, 0, 0, 0, 0], [0, 0, 4, 0, 3, 3, 3, 5, 3])
([1, -1, 1, 0, 1, 0, -1, 0, 0, 0], [0, 0, 14, 0, 1, 0, 2, 1, 1])
([1, 0, 0, 0, 0, 0, 0, 0, 0, 0], [3, 2, 2, 2, 2, 36, 1, 1, 1])
([-1, 0, 0, 0, 0, 0, 0, 1, 0, 0], [12, 13, 27, 13, 11, 11, 0, 15, 11])
([1, 0, 0, 0, 0, 0, 0, 1, -1, 0], [2, 5, 3, 3, 37, 1, 0, 0, 9])
([-1, 0, 0, 0, 0, 0, 0, 1, -1, 1], [2, 2, 9, 2, 4, 2, 0, 0, 0])
([1, 0, 0, 0, -1, 0, 0, 1, -1, 1], [5, 3, 7, 0, 1, 1, 0, 0, 0])
([-1, 1, 0, 0, -1, 0, 0, 1, -1, 1], [0, 3, 7, 0, 3, 6, 0, 0, 0])
([1, 1, 0, 0, -1, -1, 0, 1, -1, 1], [0, 3, 1, 0, 0, 1, 0, 0, 0])
([-1, 1, 1, 0, -1, -1, 0, 1, -1, 1], [0, 0, 1, 0, 0, 1, 0, 0, 0])
([1, 0, 0, 0, 0, 0, 0, 0, 0, 0], [2, 49, 1, 3, 1, 1, 1, 1, 1])
([-1, 0, 1, 0, 0, 0, 0, 0, 0, 0], [1, 0, 1, 1, 1, 1, 7, 1, 1])
([1, 0, 1, 0, 0, 0, -1, 0, 0, 0], [2, 0, 102, 2, 7, 0, 4, 2, 2])
([-1, 0, 1, 1, 0, 0, -1, 0, 0, 0], [9, 0, 0, 8, 8, 0, 8, 8, 8])
([1, -1, 1, 1, 0, 0, -1, 0, 0, 0], [0, 0, 0, 18, 3, 0, 1, 1, 1])
([1, 0, 0, 0, 0, 0, 0, 0, 0, 0], [1, 78, 1, 1, 1, 1, 1, 1, 1])
([-1, 0, 1, 0, 0, 0, 0, 0, 0, 0], [4, 0, 13, 10, 2, 2, 4, 2, 2])
([1, 0, 1, 0, 0, 0, 0, -1, 0, 0], [2, 0, 3, 2, 3, 18, 0, 1, 1])
([-1, 0, 1, 0, 0, 0, 1, -1, 0, 0], [2, 0, 5, 1, 1, 0, 0, 1, 1])
([1, 0, 1, -1, 0, 0, 1, -1, 0, 0], [2, 0, 0, 3, 1, 0, 0, 1, 2])
([-1, 0, 1, -1, 1, 0, 1, -1, 0, 0], [2, 0, 0, 0, 2, 0, 0, 1, 1])
([1, 0, 0, 0, 0, 0, 0, 0, 0, 0], [3, 63, 5, 1, 1, 1, 1, 1, 1])
([-1, 0, 1, 0, 0, 0, 0, 0, 0, 0], [8, 0, 26, 8, 4, 4, 6, 8, 10])
([1, 0, 1, -1, 0, 0, 0, 0, 0, 0], [1, 0, 0, 1, 1, 1, 1, 13, 1])
([-1, 0, 1, -1, 0, 0, 0, 0, 1, 0], [1, 0, 0, 1, 1, 1, 13, 0, 1])
([1, 0, 1, -1, 0, 0, 0, -1, 1, 0], [9, 0, 0, 2, 1, 1, 0, 0, 1])
([-1, 0, 1, -1, 1, 0, 0, -1, 1, 0], [1, 0, 0, 0, 1, 3, 0, 0, 1])
([1, -1, 1, -1, 1, 0, 0, -1, 1, 0], [0, 0, 0, 0, 1, 1, 0, 0, 1])
([-1, -1, 1, -1, 1, 0, 1, -1, 1, 0], [0, 0, 0, 0, 3, 0, 0, 0, 1])
([1, 0, 0, 0, 0, 0, 0, 0, 0, 0], [2, 5, 7, 2, 2, 43, 2, 26, 8])
([-1, 0, 0, 1, 0, 0, 0, 0, 0, 0], [3, 3, 0, 3, 1, 1, 1, 1, 1])
([1, 0, 0, 1, 0, 0, 0, -1, 0, 0], [1, 1, 0, 11, 1, 1, 0, 1, 1])
([-1, 0, 0, 1, 1, 0, 0, -1, 0, 0], [2, 4, 0, 0, 2, 2, 0, 2, 2])
([1, 0, -1, 1, 1, 0, 0, -1, 0, 0], [2, 0, 0, 0, 1, 2, 0, 1, 1])
([-1, 0, -1, 1, 1, 0, 1, -1, 0, 0], [1, 0, 0, 0, 1, 0, 0, 1, 1])
([1, -1, -1, 1, 1, 0, 1, -1, 0, 0], [0, 0, 0, 0, 3, 0, 0, 1, 1])
([1, 0, 0, 0, 0, 0, 0, 0, 0, 0], [1, 1, 1, 43, 1, 1, 1, 1, 1])
([-1, 0, 0, 0, 1, 0, 0, 0, 0, 0], [2, 2, 2, 0, 2, 2, 4, 2, 2])
([1, 0, 0, 0, 1, 0, 0, 0, -1, 0], [1, 1, 11, 0, 1, 1, 1, 0, 1])
([-1, 1, 0, 0, 1, 0, 0, 0, -1, 0], [0, 1, 1, 0, 7, 1, 1, 0, 1])
([1, 1, 0, 0, 1, -1, 0, 0, -1, 0], [0, 3, 7, 0, 0, 2, 2, 0, 6])
([-1, 1, 0, 0, 1, -1, 0, 0, -1, 1], [0, 1, 1, 0, 0, 1, 7, 0, 0])
([1, 0, 0, 0, 0, 0, 0, 0, 0, 0], [2, 3, 3, 34, 1, 1, 1, 7, 1])
([-1, 1, 0, 0, 0, 0, 0, 0, 0, 0], [0, 11, 56, 3, 2, 2, 2, 2, 2])
([1, 1, 0, -1, 0, 0, 0, 0, 0, 0], [0, 2, 0, 2, 21, 7, 2, 2, 5])
([-1, 1, 1, -1, 0, 0, 0, 0, 0, 0], [0, 0, 0, 31, 1, 1, 1, 2, 1])
([1, 1, 1, -1, -1, 0, 0, 0, 0, 0], [0, 0, 0, 0, 3, 6, 2, 2, 2])
([-1, 1, 1, -1, -1, 0, 0, 0, 1, 0], [0, 0, 0, 0, 1, 1, 6, 0, 1])
([1, 1, 1, -1, -1, 0, 0, 0, 1, -1], [0, 0, 0, 0, 2, 4, 1, 0, 0])
([-1, 1, 1, -1, -1, 0, 1, 0, 1, -1], [0, 0, 0, 0, 3, 0, 3, 0, 0])
([1, 1, 1, -1, -1, -1, 1, 0, 1, -1], [0, 0, 0, 0, 0, 0, 3, 0, 0])
([1, 0, 0, 0, 0, 0, 0, 0, 0, 0], [16, 5, 15, 1, 2, 1, 1, 1, 1])
([-1, 0, 0, 1, 0, 0, 0, 0, 0, 0], [12, 7, 0, 9, 9, 7, 12, 11, 7])
([1, 0, 0, 1, 0, 0, 0, 0, -1, 0], [2, 3, 0, 9, 2, 1, 1, 0, 1])
([-1, 0, 1, 1, 0, 0, 0, 0, -1, 0], [15, 0, 0, 8, 8, 8, 8, 0, 8])
([1, -1, 1, 1, 0, 0, 0, 0, -1, 0], [0, 0, 0, 1, 14, 1, 1, 0, 1])
([-1, -1, 1, 1, 0, 1, 0, 0, -1, 0], [0, 0, 0, 5, 0, 3, 5, 0, 3])
([1, -1, 1, 1, 0, 1, -1, 0, -1, 0], [0, 0, 0, 6, 0, 0, 1, 0, 1])
([1, 0, 0, 0, 0, 0, 0, 0, 0, 0], [1, 1, 87, 1, 1, 1, 1, 1, 1])
([-1, 0, 0, 1, 0, 0, 0, 0, 0, 0], [4, 3, 0, 4, 2, 2, 2, 4, 2])
([1, 0, 0, 1, 0, 0, 0, 0, -1, 0], [1, 1, 0, 10, 1, 1, 1, 0, 1])
([-1, 0, 0, 1, 1, 0, 0, 0, -1, 0], [3, 3, 0, 0, 2, 2, 2, 0, 2])
([1, -1, 0, 1, 1, 0, 0, 0, -1, 0], [0, 19, 0, 0, 1, 1, 1, 0, 1])
([1, 0, 0, 0, 0, 0, 0, 0, 0, 0], [2, 47, 2, 1, 1, 1, 1, 1, 1])
([-1, 0, 1, 0, 0, 0, 0, 0, 0, 0], [4, 0, 3, 4, 4, 3, 17, 6, 2])
([1, 0, 1, -1, 0, 0, 0, 0, 0, 0], [3, 0, 0, 6, 8, 6, 10, 8, 12])
([-1, 0, 1, -1, 1, 0, 0, 0, 0, 0], [1, 0, 0, 0, 9, 1, 1, 1, 1])
([1, 0, 1, -1, 1, -1, 0, 0, 0, 0], [3, 0, 0, 0, 0, 3, 2, 2, 2])
([-1, 0, 1, -1, 1, -1, 1, 0, 0, 0], [2, 0, 0, 0, 0, 0, 2, 1, 1])
([1, -1, 1, -1, 1, -1, 1, 0, 0, 0], [0, 0, 0, 0, 0, 0, 3, 1, 1])
([-1, -1, 1, -1, 1, -1, 1, 0, 0, 1], [0, 0, 0, 0, 0, 0, 2, 3, 0])
([1, 0, 0, 0, 0, 0, 0, 0, 0, 0], [1, 1, 1, 1, 1, 35, 1, 1, 1])
([-1, 0, 0, 0, 0, 1, 0, 0, 0, 0], [12, 8, 13, 8, 0, 8, 31, 12, 11])
([1, 0, 0, -1, 0, 1, 0, 0, 0, 0], [1, 1, 0, 10, 0, 1, 1, 1, 1])
([-1, 0, 0, -1, 0, 1, 0, 1, 0, 0], [3, 3, 0, 3, 0, 15, 0, 2, 2])
([1, 0, 0, -1, 0, 1, -1, 1, 0, 0], [2, 2, 0, 2, 0, 0, 0, 2, 13])
([-1, 1, 0, -1, 0, 1, -1, 1, 0, 0], [0, 9, 0, 2, 0, 0, 0, 2, 2])
([1, 1, -1, -1, 0, 1, -1, 1, 0, 0], [0, 0, 0, 1, 0, 0, 0, 1, 6])
([-1, 1, -1, -1, 0, 1, -1, 1, 0, 1], [0, 0, 0, 2, 0, 0, 0, 4, 0])
([1, 1, -1, -1, -1, 1, -1, 1, 0, 1], [0, 0, 0, 0, 0, 0, 0, 3, 0])
([1, 0, 0, 0, 0, 0, 0, 0, 0, 0], [2, 2, 2, 3, 9, 2, 89, 1, 1])
([-1, 0, 0, 0, 0, 0, 0, 1, 0, 0], [8, 7, 11, 6, 6, 6, 0, 12, 6])
([1, 0, -1, 0, 0, 0, 0, 1, 0, 0], [1, 0, 1, 1, 11, 1, 0, 1, 1])
([-1, 0, -1, 0, 0, 0, 0, 1, 1, 0], [3, 0, 3, 3, 3, 2, 0, 0, 2])
([1, 0, -1, 0, 0, 0, -1, 1, 1, 0], [1, 0, 8, 1, 1, 0, 0, 0, 1])
([-1, 0, -1, 1, 0, 0, -1, 1, 1, 0], [3, 0, 0, 3, 2, 0, 0, 0, 2])
([1, -1, -1, 1, 0, 0, -1, 1, 1, 0], [0, 0, 0, 1, 1, 0, 0, 0, 5])
([1, 0, 0, 0, 0, 0, 0, 0, 0, 0], [2, 3, 58, 1, 1, 1, 1, 1, 1])
([-1, 0, 0, 1, 0, 0, 0, 0, 0, 0], [5, 3, 0, 3, 9, 3, 5, 3, 3])
([1, 0, 0, 1, 0, -1, 0, 0, 0, 0], [9, 1, 0, 3, 0, 1, 1, 1, 1])
([-1, 1, 0, 1, 0, -1, 0, 0, 0, 0], [0, 4, 0, 2, 0, 2, 2, 2, 2])
([1, 1, -1, 1, 0, -1, 0, 0, 0, 0], [0, 0, 0, 2, 0, 2, 1, 1, 1])
([-1, 1, -1, 1, 1, -1, 0, 0, 0, 0], [0, 0, 0, 0, 0, 1, 1, 1, 1])
([1, 1, -1, 1, 1, -1, -1, 0, 0, 0], [0, 0, 0, 0, 0, 0, 1, 3, 1])
([-1, 1, -1, 1, 1, -1, -1, 0, 1, 0], [0, 0, 0, 0, 0, 0, 1, 0, 1])
([1, 0, 0, 0, 0, 0, 0, 0, 0, 0], [2, 25, 1, 1, 1, 3, 1, 1, 1])
([-1, 0, 1, 0, 0, 0, 0, 0, 0, 0], [2, 0, 19, 2, 2, 2, 6, 2, 2])
([1, 0, 1, -1, 0, 0, 0, 0, 0, 0], [2, 0, 0, 2, 7, 3, 2, 9, 2])
([-1, 0, 1, -1, 0, 0, 1, 0, 0, 0], [2, 0, 0, 2, 4, 0, 2, 1, 1])
([1, 0, 1, -1, 0, 0, 1, -1, 0, 0], [5, 0, 0, 2, 2, 0, 0, 2, 8])
([-1, 1, 1, -1, 0, 0, 1, -1, 0, 0], [0, 0, 0, 1, 9, 0, 0, 1, 1])
([1, 0, 0, 0, 0, 0, 0, 0, 0, 0], [2, 2, 2, 3, 34, 1, 1, 1, 1])
([-1, 0, 0, 0, 0, 1, 0, 0, 0, 0], [4, 4, 11, 4, 0, 4, 4, 3, 3])
([1, 0, 0, 0, -1, 1, 0, 0, 0, 0], [3, 20, 1, 0, 0, 2, 1, 1, 1])
([-1, 0, 1, 0, -1, 1, 0, 0, 0, 0], [2, 0, 4, 0, 0, 2, 2, 3, 3])
([1, -1, 1, 0, -1, 1, 0, 0, 0, 0], [0, 0, 3, 0, 0, 7, 1, 1, 1])
([-1, -1, 1, 0, -1, 1, 1, 0, 0, 0], [0, 0, 5, 0, 0, 0, 2, 2, 2])
([1, -1, 1, 0, -1, 1, 1, 0, -1, 0], [0, 0, 3, 0, 0, 0, 4, 0, 1])
([1, 0, 0, 0, 0, 0, 0, 0, 0, 0], [1, 1, 1, 1, 1, 53, 1, 1, 1])
([-1, 0, 0, 0, 0, 0, 1, 0, 0, 0], [5, 5, 8, 14, 6, 0, 6, 4, 6])
([1, 0, 0, 0, 0, -1, 1, 0, 0, 0], [2, 3, 2, 2, 0, 0, 2, 1, 5])
([-1, 0, 0, 0, 0, -1, 1, 0, 0, 1], [5, 2, 19, 3, 0, 0, 2, 2, 0])
([1, 0, 0, -1, 0, -1, 1, 0, 0, 1], [2, 2, 0, 6, 0, 0, 1, 3, 0])
([-1, 0, 0, -1, 1, -1, 1, 0, 0, 1], [2, 2, 0, 0, 0, 0, 6, 3, 0])
([1, 0, -1, -1, 1, -1, 1, 0, 0, 1], [1, 0, 0, 0, 0, 0, 3, 1, 0])
([-1, 0, -1, -1, 1, -1, 1, 0, 1, 1], [1, 0, 0, 0, 0, 0, 1, 0, 0])
([1, -1, -1, -1, 1, -1, 1, 0, 1, 1], [0, 0, 0, 0, 0, 0, 3, 0, 0])
([1, 0, 0, 0, 0, 0, 0, 0, 0, 0], [2, 2, 3, 5, 38, 1, 16, 1, 1])
([-1, 0, 0, 0, 0, 0, 0, 0, 1, 0], [10, 11, 31, 8, 19, 10, 15, 0, 13])
([1, 0, 0, -1, 0, 0, 0, 0, 1, 0], [2, 2, 0, 2, 36, 3, 1, 0, 1])
([-1, 0, 0, -1, 0, 1, 0, 0, 1, 0], [5, 5, 0, 5, 0, 14, 18, 0, 5])
([1, 0, -1, -1, 0, 1, 0, 0, 1, 0], [2, 0, 0, 9, 0, 3, 1, 0, 1])
([-1, 0, -1, -1, 1, 1, 0, 0, 1, 0], [3, 0, 0, 0, 0, 2, 2, 0, 2])
([1, -1, -1, -1, 1, 1, 0, 0, 1, 0], [0, 0, 0, 0, 0, 3, 1, 0, 1])
([1, 0, 0, 0, 0, 0, 0, 0, 0, 0], [3, 5, 5, 1, 1, 1, 1, 1, 1])
([-1, 0, 1, 0, 0, 0, 0, 0, 0, 0], [4, 0, 39, 4, 18, 6, 4, 6, 4])
([1, 0, 1, 0, 0, 0, 0, -1, 0, 0], [2, 0, 2, 3, 2, 1, 0, 1, 1])
([-1, 0, 1, 0, 0, 0, 0, -1, 1, 0], [2, 0, 13, 1, 1, 1, 0, 0, 1])
([1, 0, 1, 0, 0, 0, -1, -1, 1, 0], [3, 0, 16, 2, 2, 0, 0, 0, 2])
([-1, 0, 1, 1, 0, 0, -1, -1, 1, 0], [7, 0, 0, 5, 5, 0, 0, 0, 5])
([1, -1, 1, 1, 0, 0, -1, -1, 1, 0], [0, 0, 0, 6, 1, 0, 0, 0, 1])
([-1, -1, 1, 1, 0, 0, -1, -1, 1, 1], [0, 0, 0, 3, 2, 0, 0, 0, 0])
([1, 0, 0, 0, 0, 0, 0, 0, 0, 0], [2, 2, 5, 2, 9, 38, 1, 1, 1])
([-1, 0, 0, 0, 0, 0, 1, 0, 0, 0], [2, 3, 2, 2, 6, 0, 1, 1, 1])
([1, 0, -1, 0, 0, 0, 1, 0, 0, 0], [1, 0, 1, 1, 37, 0, 1, 1, 1])
([-1, 0, -1, 0, 0, 1, 1, 0, 0, 0], [6, 0, 5, 10, 0, 0, 6, 6, 4])
([1, 0, -1, 0, 0, 1, 1, -1, 0, 0], [2, 0, 3, 7, 0, 0, 0, 1, 1])
([1, 0, 0, 0, 0, 0, 0, 0, 0, 0], [2, 35, 1, 2, 1, 1, 1, 1, 1])
([-1, 0, 0, 0, 0, 0, 0, 0, 0, 1], [18, 16, 23, 4, 18, 4, 45, 18, 0])
([1, 0, 0, 0, 0, 0, 0, -1, 0, 1], [3, 3, 6, 6, 2, 2, 0, 6, 0])
([-1, 0, 0, 0, 0, 0, 0, -1, 1, 1], [1, 15, 1, 1, 1, 1, 0, 0, 0])
([1, 0, -1, 0, 0, 0, 0, -1, 1, 1], [2, 0, 2, 2, 14, 2, 0, 0, 0])
([-1, 0, -1, 0, 0, 0, 1, -1, 1, 1], [7, 0, 4, 1, 1, 0, 0, 0, 0])
([1, 0, -1, -1, 0, 0, 1, -1, 1, 1], [2, 0, 0, 2, 5, 0, 0, 0, 0])
([-1, 1, -1, -1, 0, 0, 1, -1, 1, 1], [0, 0, 0, 2, 4, 0, 0, 0, 0])
([1, 0, 0, 0, 0, 0, 0, 0, 0, 0], [1, 1, 1, 31, 1, 1, 1, 1, 1])
([-1, 0, 0, 0, 1, 0, 0, 0, 0, 0], [2, 4, 1, 0, 1, 1, 1, 1, 1])
([1, -1, 0, 0, 1, 0, 0, 0, 0, 0], [0, 1, 1, 0, 1, 1, 1, 44, 1])
([-1, -1, 0, 0, 1, 0, 0, 0, 1, 0], [0, 4, 4, 0, 8, 8, 7, 0, 4])
([1, -1, 0, 0, 1, 0, 0, -1, 1, 0], [0, 2, 3, 0, 11, 1, 0, 0, 2])
([-1, -1, 0, 0, 1, 1, 0, -1, 1, 0], [0, 3, 2, 0, 0, 2, 0, 0, 2])
([1, -1, 0, 0, 1, 1, -1, -1, 1, 0], [0, 3, 5, 0, 0, 0, 0, 0, 1])
([1, 0, 0, 0, 0, 0, 0, 0, 0, 0], [1, 1, 14, 1, 1, 1, 1, 1, 1])
([-1, 0, 0, 1, 0, 0, 0, 0, 0, 0], [11, 12, 0, 24, 9, 10, 10, 9, 10])
([1, 0, 0, 1, -1, 0, 0, 0, 0, 0], [3, 3, 0, 0, 12, 1, 1, 1, 1])
([-1, 0, 0, 1, -1, 1, 0, 0, 0, 0], [4, 3, 0, 0, 0, 2, 2, 2, 4])
([1, 0, 0, 1, -1, 1, 0, -1, 0, 0], [13, 2, 0, 0, 0, 2, 0, 2, 2])
([-1, 1, 0, 1, -1, 1, 0, -1, 0, 0], [0, 9, 0, 0, 0, 2, 0, 2, 2])
([1, 1, 0, 1, -1, 1, -1, -1, 0, 0], [0, 6, 0, 0, 0, 0, 0, 1, 1])
([1, 0, 0, 0, 0, 0, 0, 0, 0, 0], [1, 1, 19, 1, 1, 1, 1, 1, 1])
([-1, 0, 0, 1, 0, 0, 0, 0, 0, 0], [4, 5, 0, 2, 8, 2, 2, 2, 2])
([1, 0, 0, 1, 0, -1, 0, 0, 0, 0], [2, 58, 0, 1, 0, 1, 1, 1, 1])
([-1, 0, 0, 1, 1, -1, 0, 0, 0, 0], [3, 3, 0, 0, 0, 2, 2, 4, 2])
([1, 0, 0, 1, 1, -1, 0, 0, -1, 0], [3, 16, 0, 0, 0, 1, 1, 0, 1])
([-1, 0, 0, 1, 1, -1, 0, 1, -1, 0], [3, 3, 0, 0, 0, 2, 0, 0, 2])
([1, -1, 0, 1, 1, -1, 0, 1, -1, 0], [0, 1, 0, 0, 0, 1, 0, 0, 3])
([-1, -1, 0, 1, 1, -1, 1, 1, -1, 0], [0, 1, 0, 0, 0, 0, 0, 0, 1])
([1, -1, 0, 1, 1, -1, 1, 1, -1, -1], [0, 3, 0, 0, 0, 0, 0, 0, 0])
([1, 0, 0, 0, 0, 0, 0, 0, 0, 0], [2, 3, 3, 2, 2, 44, 7, 25, 2])
([-1, 0, 0, 0, 0, 0, 1, 0, 0, 0], [4, 4, 9, 17, 14, 0, 5, 5, 4])
([1, 0, 0, -1, 0, 0, 1, 0, 0, 0], [1, 1, 0, 10, 1, 0, 1, 1, 1])
([-1, 1, 0, -1, 0, 0, 1, 0, 0, 0], [0, 2, 0, 2, 7, 0, 2, 7, 2])
([1, 1, 0, -1, 0, -1, 1, 0, 0, 0], [0, 2, 0, 2, 0, 0, 2, 3, 1])
([-1, 1, 0, -1, 0, -1, 1, 0, 0, 1], [0, 2, 0, 2, 0, 0, 7, 2, 0])
([1, 0, 0, 0, 0, 0, 0, 0, 0, 0], [1, 1, 1, 12, 1, 1, 1, 1, 1])
([-1, 0, 0, 0, 1, 0, 0, 0, 0, 0], [2, 2, 10, 0, 1, 2, 1, 1, 1])
([1, 0, 0, 0, 1, -1, 0, 0, 0, 0], [3, 5, 9, 0, 0, 1, 1, 1, 1])
([-1, 0, 0, 1, 1, -1, 0, 0, 0, 0], [2, 4, 0, 0, 0, 2, 2, 2, 2])
([1, 0, -1, 1, 1, -1, 0, 0, 0, 0], [3, 0, 0, 0, 0, 1, 1, 1, 1])
([-1, 0, -1, 1, 1, -1, 0, 0, 0, 1], [1, 0, 0, 0, 0, 1, 1, 1, 0])
([1, 0, -1, 1, 1, -1, -1, 0, 0, 1], [1, 0, 0, 0, 0, 0, 1, 3, 0])
([-1, 0, -1, 1, 1, -1, -1, 0, 1, 1], [1, 0, 0, 0, 0, 0, 1, 0, 0])
([1, -1, -1, 1, 1, -1, -1, 0, 1, 1], [0, 0, 0, 0, 0, 0, 3, 0, 0])
([1, 0, 0, 0, 0, 0, 0, 0, 0, 0], [63, 1, 1, 1, 12, 1, 1, 1, 1])
([-1, 1, 0, 0, 0, 0, 0, 0, 0, 0], [0, 3, 25, 2, 2, 4, 10, 2, 8])
([1, 1, 0, -1, 0, 0, 0, 0, 0, 0], [0, 3, 0, 10, 36, 2, 4, 2, 2])
([-1, 1, 0, -1, 0, 1, 0, 0, 0, 0], [0, 3, 0, 12, 0, 2, 6, 6, 4])
([1, 1, 0, -1, -1, 1, 0, 0, 0, 0], [0, 1, 0, 0, 0, 7, 1, 1, 1])
([-1, 1, 0, -1, -1, 1, 1, 0, 0, 0], [0, 2, 0, 0, 0, 0, 9, 2, 2])
([1, 1, -1, -1, -1, 1, 1, 0, 0, 0], [0, 0, 0, 0, 0, 0, 3, 1, 1])
([1, 0, 0, 0, 0, 0, 0, 0, 0, 0], [3, 2, 66, 1, 1, 1, 1, 1, 1])
([-1, 0, 0, 1, 0, 0, 0, 0, 0, 0], [9, 7, 0, 24, 8, 7, 10, 8, 12])
([1, 0, 0, 1, 0, 0, -1, 0, 0, 0], [3, 3, 0, 9, 1, 0, 1, 1, 1])
([-1, 0, 0, 1, 1, 0, -1, 0, 0, 0], [2, 3, 0, 0, 2, 0, 1, 1, 1])
([1, 0, -1, 1, 1, 0, -1, 0, 0, 0], [1, 0, 0, 0, 3, 0, 1, 1, 1])
([-1, 1, -1, 1, 1, 0, -1, 0, 0, 0], [0, 0, 0, 0, 1, 0, 1, 1, 1])
([1, 1, -1, 1, 1, -1, -1, 0, 0, 0], [0, 0, 0, 0, 0, 0, 1, 3, 1])
([-1, 1, -1, 1, 1, -1, -1, 0, 1, 0], [0, 0, 0, 0, 0, 0, 1, 0, 1])
([1, 0, 0, 0, 0, 0, 0, 0, 0, 0], [3, 3, 3, 2, 64, 1, 1, 1, 1])
([-1, 0, 0, 0, 0, 1, 0, 0, 0, 0], [17, 11, 9, 17, 0, 15, 15, 7, 13])
([1, -1, 0, 0, 0, 1, 0, 0, 0, 0], [0, 1, 1, 1, 0, 1, 37, 1, 1])
([-1, -1, 0, 0, 0, 1, 0, 1, 0, 0], [0, 1, 1, 1, 0, 1, 0, 5, 1])
([1, -1, 0, 0, 0, 1, 0, 1, -1, 0], [0, 2, 6, 1, 0, 1, 0, 0, 1])
([1, 0, 0, 0, 0, 0, 0, 0, 0, 0], [2, 5, 3, 2, 95, 1, 1, 1, 1])
([-1, 0, 0, 0, 0, 1, 0, 0, 0, 0], [2, 2, 11, 1, 0, 1, 1, 3, 1])
([1, 0, 0, 0, 0, 1, 0, 0, 0, -1], [22, 1, 1, 2, 0, 1, 1, 1, 0])
([-1, 1, 0, 0, 0, 1, 0, 0, 0, -1], [0, 6, 5, 4, 0, 4, 4, 4, 0])
([1, 1, 0, -1, 0, 1, 0, 0, 0, -1], [0, 3, 0, 2, 0, 6, 1, 2, 0])
([-1, 1, 0, -1, 0, 1, 1, 0, 0, -1], [0, 3, 0, 4, 0, 0, 2, 2, 0])
([1, 1, 0, -1, 0, 1, 1, 0, -1, -1], [0, 1, 0, 1, 0, 0, 5, 0, 0])
([1, 0, 0, 0, 0, 0, 0, 0, 0, 0], [5, 5, 14, 1, 1, 2, 1, 1, 1])
([-1, 0, 0, 0, 0, 0, 0, 0, 1, 0], [2, 2, 2, 2, 2, 2, 65, 0, 1])
([1, 0, 0, 0, 0, 0, 0, -1, 1, 0], [3, 3, 6, 2, 2, 4, 0, 0, 2])
([-1, 0, 0, 1, 0, 0, 0, -1, 1, 0], [3, 2, 0, 16, 1, 1, 0, 0, 1])
([1, 0, 0, 1, -1, 0, 0, -1, 1, 0], [4, 12, 0, 0, 2, 2, 0, 0, 2])
([-1, 0, 0, 1, -1, 0, 1, -1, 1, 0], [1, 9, 0, 0, 1, 0, 0, 0, 1])
([1, 0, 0, 0, 0, 0, 0, 0, 0, 0], [1, 1, 1, 1, 1, 1, 129, 1, 1])
([-1, 0, 0, 0, 0, 0, 0, 1, 0, 0], [3, 3, 13, 3, 3, 3, 0, 3, 3])
([1, 0, 0, 0, 0, 0, 0, 1, 0, -1], [1, 1, 40, 1, 1, 1, 0, 1, 0])
([-1, 0, 0, 1, 0, 0, 0, 1, 0, -1], [8, 8, 0, 8, 7, 7, 0, 7, 0])
([1, -1, 0, 1, 0, 0, 0, 1, 0, -1], [0, 1, 0, 1, 1, 1, 0, 17, 0])
([-1, -1, 0, 1, 0, 0, 0, 1, 1, -1], [0, 5, 0, 4, 4, 4, 0, 0, 0])
([1, -1, 0, 1, 0, 0, -1, 1, 1, -1], [0, 1, 0, 1, 5, 0, 0, 0, 0])
([1, 0, 0, 0, 0, 0, 0, 0, 0, 0], [1, 1, 1, 1, 1, 62, 1, 1, 1])
([-1, 0, 1, 0, 0, 0, 0, 0, 0, 0], [19, 0, 2, 2, 2, 6, 2, 2, 2])
([1, -1, 1, 0, 0, 0, 0, 0, 0, 0], [0, 0, 1, 1, 10, 1, 1, 1, 1])
([-1, -1, 1, 0, 0, 1, 0, 0, 0, 0], [0, 0, 8, 5, 0, 10, 5, 3, 3])
([1, -1, 1, -1, 0, 1, 0, 0, 0, 0], [0, 0, 0, 3, 0, 2, 2, 2, 2])
([-1, -1, 1, -1, 0, 1, 0, 1, 0, 0], [0, 0, 0, 2, 0, 5, 0, 1, 2])
([1, -1, 1, -1, -1, 1, 0, 1, 0, 0], [0, 0, 0, 0, 0, 3, 0, 1, 1])
([1, 0, 0, 0, 0, 0, 0, 0, 0, 0], [3, 5, 73, 1, 1, 1, 3, 1, 1])
([-1, 0, 1, 0, 0, 0, 0, 0, 0, 0], [12, 0, 3, 7, 5, 7, 3, 9, 3])
([1, -1, 1, 0, 0, 0, 0, 0, 0, 0], [0, 0, 27, 1, 1, 1, 3, 1, 1])
([-1, -1, 1, 1, 0, 0, 0, 0, 0, 0], [0, 0, 0, 9, 5, 5, 7, 7, 5])
([1, -1, 1, 1, -1, 0, 0, 0, 0, 0], [0, 0, 0, 0, 13, 1, 1, 1, 1])
([-1, -1, 1, 1, -1, 1, 0, 0, 0, 0], [0, 0, 0, 0, 0, 2, 9, 2, 2])
([1, -1, 1, 1, -1, 1, -1, 0, 0, 0], [0, 0, 0, 0, 0, 0, 5, 3, 1])
([-1, -1, 1, 1, -1, 1, -1, 0, 1, 0], [0, 0, 0, 0, 0, 0, 4, 0, 2])
([1, -1, 1, 1, -1, 1, -1, 0, 1, -1], [0, 0, 0, 0, 0, 0, 3, 0, 0])
([1, 0, 0, 0, 0, 0, 0, 0, 0, 0], [2, 5, 2, 3, 3, 30, 1, 1, 1])
([-1, 0, 0, 0, 0, 0, 1, 0, 0, 0], [6, 10, 5, 16, 13, 0, 4, 4, 4])
([1, -1, 0, 0, 0, 0, 1, 0, 0, 0], [0, 1, 49, 1, 1, 0, 1, 1, 1])
([-1, -1, 0, 1, 0, 0, 1, 0, 0, 0], [0, 5, 0, 5, 7, 0, 8, 12, 5])
([1, -1, 0, 1, 0, -1, 1, 0, 0, 0], [0, 2, 0, 2, 0, 0, 2, 1, 1])
([-1, -1, 0, 1, 0, -1, 1, 1, 0, 0], [0, 1, 0, 1, 0, 0, 0, 1, 1])
([1, -1, 0, 1, -1, -1, 1, 1, 0, 0], [0, 1, 0, 0, 0, 0, 0, 1, 3])
([-1, -1, 0, 1, -1, -1, 1, 1, 0, 1], [0, 1, 0, 0, 0, 0, 0, 1, 0])
([1, 0, 0, 0, 0, 0, 0, 0, 0, 0], [2, 70, 34, 1, 1, 1, 1, 2, 1])
([-1, 0, 1, 0, 0, 0, 0, 0, 0, 0], [19, 0, 63, 17, 5, 5, 7, 7, 5])
([1, 0, 1, 0, 0, 0, 0, -1, 0, 0], [2, 0, 105, 1, 1, 1, 0, 1, 1])
([-1, 0, 1, 1, 0, 0, 0, -1, 0, 0], [16, 0, 0, 16, 16, 16, 0, 15, 15])
([1, 0, 1, 1, 0, -1, 0, -1, 0, 0], [1, 0, 0, 16, 0, 1, 0, 1, 1])
([1, 0, 0, 0, 0, 0, 0, 0, 0, 0], [3, 2, 11, 1, 1, 1, 1, 2, 1])
([-1, 1, 0, 0, 0, 0, 0, 0, 0, 0], [0, 1, 1, 1, 19, 1, 1, 1, 1])
([1, 1, 0, 0, 0, -1, 0, 0, 0, 0], [0, 3, 3, 3, 0, 9, 11, 7, 7])
([-1, 1, 0, 0, 0, -1, 1, 0, 0, 0], [0, 1, 1, 1, 0, 0, 13, 1, 1])
([1, 1, 0, 0, 0, -1, 1, -1, 0, 0], [0, 2, 2, 2, 0, 0, 0, 6, 1])
([-1, 1, 0, 0, 0, -1, 1, -1, 1, 0], [0, 2, 2, 9, 0, 0, 0, 0, 2])
([1, 1, 0, 0, -1, -1, 1, -1, 1, 0], [0, 6, 2, 0, 0, 0, 0, 0, 2])
([-1, 1, 1, 0, -1, -1, 1, -1, 1, 0], [0, 0, 4, 0, 0, 0, 0, 0, 2])
([1, 1, 1, 0, -1, -1, 1, -1, 1, -1], [0, 0, 3, 0, 0, 0, 0, 0, 0])
([1, 0, 0, 0, 0, 0, 0, 0, 0, 0], [2, 2, 2, 9, 45, 1, 1, 1, 1])
([-1, 0, 0, 0, 0, 1, 0, 0, 0, 0], [5, 4, 9, 4, 0, 4, 4, 3, 5])
([1, -1, 0, 0, 0, 1, 0, 0, 0, 0], [0, 1, 1, 1, 0, 1, 1, 26, 1])
([-1, -1, 0, 0, 1, 1, 0, 0, 0, 0], [0, 4, 6, 0, 0, 5, 4, 5, 4])
([1, -1, 0, -1, 1, 1, 0, 0, 0, 0], [0, 3, 0, 0, 0, 6, 1, 1, 3])
([-1, -1, 1, -1, 1, 1, 0, 0, 0, 0], [0, 0, 0, 0, 0, 6, 1, 1, 1])
([1, -1, 1, -1, 1, 1, -1, 0, 0, 0], [0, 0, 0, 0, 0, 0, 2, 4, 2])
([-1, -1, 1, -1, 1, 1, -1, 1, 0, 0], [0, 0, 0, 0, 0, 0, 0, 3, 1])
([1, 0, 0, 0, 0, 0, 0, 0, 0, 0], [3, 44, 11, 1, 1, 1, 1, 1, 1])
([-1, 0, 1, 0, 0, 0, 0, 0, 0, 0], [3, 0, 45, 1, 1, 1, 3, 1, 1])
([1, -1, 1, 0, 0, 0, 0, 0, 0, 0], [0, 0, 2, 31, 3, 1, 1, 1, 1])
([-1, -1, 1, 0, 1, 0, 0, 0, 0, 0], [0, 0, 10, 0, 3, 3, 3, 5, 3])
([1, -1, 1, 0, 1, -1, 0, 0, 0, 0], [0, 0, 15, 0, 0, 1, 1, 1, 1])
([1, 0, 0, 0, 0, 0, 0, 0, 0, 0], [1, 1, 1, 1, 1, 1, 61, 1, 1])
([-1, 0, 0, 0, 0, 0, 0, 1, 0, 0], [3, 3, 3, 6, 3, 2, 0, 8, 2])
([1, 0, 0, 0, -1, 0, 0, 1, 0, 0], [1, 1, 16, 0, 1, 1, 0, 1, 1])
([-1, 0, 0, 0, -1, 0, 0, 1, 1, 0], [3, 3, 2, 0, 2, 2, 0, 0, 2])
([1, 0, 0, 0, -1, -1, 0, 1, 1, 0], [1, 10, 1, 0, 0, 1, 0, 0, 1])
([-1, 0, 0, 1, -1, -1, 0, 1, 1, 0], [3, 3, 0, 0, 0, 2, 0, 0, 2])
([1, 0, -1, 1, -1, -1, 0, 1, 1, 0], [1, 0, 0, 0, 0, 3, 0, 0, 1])
([1, 0, 0, 0, 0, 0, 0, 0, 0, 0], [1, 1, 1, 1, 31, 1, 1, 1, 1])
([-1, 0, 0, 0, 0, 1, 0, 0, 0, 0], [13, 8, 8, 8, 0, 10, 8, 8, 8])
([1, 0, 0, 0, 0, 1, 0, 0, -1, 0], [1, 1, 1, 16, 0, 1, 1, 0, 1])
([-1, 0, 0, 0, 1, 1, 0, 0, -1, 0], [5, 1, 1, 0, 0, 1, 1, 0, 1])
([1, -1, 0, 0, 1, 1, 0, 0, -1, 0], [0, 3, 1, 0, 0, 1, 3, 0, 1])
([-1, -1, 1, 0, 1, 1, 0, 0, -1, 0], [0, 0, 3, 0, 0, 2, 2, 0, 2])
([1, -1, 1, 0, 1, 1, 0, 0, -1, -1], [0, 0, 1, 0, 0, 1, 5, 0, 0])
([-1, -1, 1, 0, 1, 1, 0, 1, -1, -1], [0, 0, 2, 0, 0, 2, 0, 0, 0])
([1, -1, 1, 0, 1, 1, -1, 1, -1, -1], [0, 0, 3, 0, 0, 0, 0, 0, 0])
([1, 0, 0, 0, 0, 0, 0, 0, 0, 0], [1, 1, 1, 1, 1, 1, 78, 1, 1])
([-1, 0, 0, 0, 0, 0, 0, 1, 0, 0], [9, 5, 5, 12, 14, 5, 0, 5, 9])
([1, 0, 0, 0, 0, 0, 0, 1, -1, 0], [3, 2, 2, 5, 33, 1, 0, 0, 9])
([-1, 0, 0, 0, 0, 1, 0, 1, -1, 0], [2, 2, 4, 2, 0, 2, 0, 0, 4])
([1, 0, 0, -1, 0, 1, 0, 1, -1, 0], [2, 3, 0, 1, 0, 1, 0, 0, 2])
([-1, 0, 0, -1, 1, 1, 0, 1, -1, 0], [4, 2, 0, 0, 0, 8, 0, 0, 5])
([1, -1, 0, -1, 1, 1, 0, 1, -1, 0], [0, 1, 0, 0, 0, 5, 0, 0, 1])
([-1, -1, 0, -1, 1, 1, 0, 1, -1, 1], [0, 3, 0, 0, 0, 3, 0, 0, 0])
([1, 0, 0, 0, 0, 0, 0, 0, 0, 0], [5, 2, 3, 2, 7, 2, 70, 1, 1])
([-1, 0, 0, 0, 0, 0, 0, 1, 0, 0], [3, 3, 6, 3, 8, 2, 0, 12, 2])
([1, 0, 0, 0, 0, 0, 0, 1, -1, 0], [2, 3, 2, 3, 45, 1, 0, 0, 1])
([-1, 0, 0, 0, 0, 1, 0, 1, -1, 0], [5, 5, 5, 5, 0, 4, 0, 0, 4])
([1, 0, -1, 0, 0, 1, 0, 1, -1, 0], [1, 0, 8, 1, 0, 1, 0, 0, 1])
([1, 0, 0, 0, 0, 0, 0, 0, 0, 0], [2, 3, 5, 2, 49, 1, 1, 1, 1])
([-1, 0, 0, 0, 0, 1, 0, 0, 0, 0], [9, 3, 12, 3, 0, 3, 3, 3, 3])
([1, 0, 0, 0, -1, 1, 0, 0, 0, 0], [1, 22, 1, 0, 0, 1, 1, 1, 1])
([-1, 0, 0, 1, -1, 1, 0, 0, 0, 0], [3, 3, 0, 0, 0, 3, 17, 4, 4])
([1, 0, 0, 1, -1, 1, 0, -1, 0, 0], [2, 13, 0, 0, 0, 2, 0, 2, 2])
([-1, 0, 1, 1, -1, 1, 0, -1, 0, 0], [9, 0, 0, 0, 0, 2, 0, 2, 2])
([1, 0, 1, 1, -1, 1, 0, -1, -1, 0], [6, 0, 0, 0, 0, 1, 0, 0, 1])
([1, 0, 0, 0, 0, 0, 0, 0, 0, 0], [2, 55, 1, 1, 1, 1, 1, 1, 2])
([-1, 0, 1, 0, 0, 0, 0, 0, 0, 0], [3, 0, 45, 3, 12, 3, 3, 6, 3])
([1, 0, 1, -1, 0, 0, 0, 0, 0, 0], [3, 0, 0, 3, 6, 2, 2, 2, 2])
([-1, 0, 1, -1, 0, 1, 0, 0, 0, 0], [1, 0, 0, 1, 0, 1, 1, 3, 1])
([1, -1, 1, -1, 0, 1, 0, 0, 0, 0], [0, 0, 0, 1, 0, 5, 1, 1, 1])
([-1, -1, 1, -1, 0, 1, 1, 0, 0, 0], [0, 0, 0, 4, 0, 0, 1, 1, 1])
([1, -1, 1, -1, -1, 1, 1, 0, 0, 0], [0, 0, 0, 0, 0, 0, 2, 1, 2])
([-1, -1, 1, -1, -1, 1, 1, 0, 0, 1], [0, 0, 0, 0, 0, 0, 3, 1, 0])
([1, 0, 0, 0, 0, 0, 0, 0, 0, 0], [1, 1, 1, 1, 1, 1, 1, 1, 32])
([-1, 0, 0, 0, 0, 0, 0, 0, 0, 1], [3, 4, 8, 10, 4, 3, 31, 6, 0])
([1, 0, -1, 0, 0, 0, 0, 0, 0, 1], [5, 0, 9, 2, 52, 1, 1, 1, 0])
([-1, 0, -1, 0, 0, 1, 0, 0, 0, 1], [5, 0, 5, 9, 0, 5, 5, 5, 0])
([1, 0, -1, 0, -1, 1, 0, 0, 0, 1], [1, 0, 1, 0, 0, 1, 10, 1, 0])
([-1, 0, -1, 0, -1, 1, 0, 1, 0, 1], [3, 0, 3, 0, 0, 2, 0, 2, 0])
([1, -1, -1, 0, -1, 1, 0, 1, 0, 1], [0, 0, 3, 0, 0, 1, 0, 1, 0])
([1, 0, 0, 0, 0, 0, 0, 0, 0, 0], [1, 1, 1, 1, 1, 23, 1, 1, 1])
([-1, 0, 0, 0, 0, 0, 1, 0, 0, 0], [2, 2, 2, 2, 9, 0, 9, 2, 2])
([1, 0, 0, 0, 0, -1, 1, 0, 0, 0], [1, 11, 1, 1, 0, 0, 1, 1, 1])
([-1, 0, 1, 0, 0, -1, 1, 0, 0, 0], [2, 0, 2, 4, 0, 0, 1, 1, 1])
([1, -1, 1, 0, 0, -1, 1, 0, 0, 0], [0, 0, 2, 7, 0, 0, 2, 2, 2])
([-1, -1, 1, 0, 0, -1, 1, 0, 1, 0], [0, 0, 4, 2, 0, 0, 2, 0, 2])
([1, -1, 1, 0, 0, -1, 1, 0, 1, -1], [0, 0, 1, 1, 0, 0, 3, 0, 0])
([1, 0, 0, 0, 0, 0, 0, 0, 0, 0], [1, 1, 30, 1, 1, 1, 1, 1, 1])
([-1, 0, 0, 1, 0, 0, 0, 0, 0, 0], [4, 5, 0, 2, 2, 2, 6, 6, 2])
([1, 0, -1, 1, 0, 0, 0, 0, 0, 0], [9, 0, 0, 1, 1, 2, 1, 1, 1])
([-1, 0, -1, 1, 0, 0, 0, 0, 1, 0], [2, 0, 0, 2, 2, 2, 3, 0, 1])
([1, 0, -1, 1, 0, -1, 0, 0, 1, 0], [2, 0, 0, 2, 0, 1, 1, 0, 1])
([-1, 1, -1, 1, 0, -1, 0, 0, 1, 0], [0, 0, 0, 2, 0, 2, 3, 0, 3])
([1, 0, 0, 0, 0, 0, 0, 0, 0, 0], [1, 1, 1, 1, 22, 1, 1, 1, 1])
([-1, 0, 0, 0, 0, 1, 0, 0, 0, 0], [15, 15, 10, 28, 0, 10, 10, 13, 12])
([1, 0, 0, -1, 0, 1, 0, 0, 0, 0], [1, 1, 0, 1, 0, 16, 1, 1, 1])
([-1, 0, 0, -1, 0, 1, 1, 0, 0, 0], [4, 4, 0, 3, 0, 0, 3, 3, 3])
([1, -1, 0, -1, 0, 1, 1, 0, 0, 0], [0, 1, 0, 1, 0, 0, 1, 11, 1])
([-1, -1, 0, -1, 0, 1, 1, 0, 1, 0], [0, 4, 0, 3, 0, 0, 5, 0, 3])
([1, -1, 0, -1, 0, 1, 1, 0, 1, -1], [0, 4, 0, 1, 0, 0, 1, 0, 0])
([-1, -1, 1, -1, 0, 1, 1, 0, 1, -1], [0, 0, 0, 2, 0, 0, 2, 0, 0])
([1, -1, 1, -1, 0, 1, 1, -1, 1, -1], [0, 0, 0, 1, 0, 0, 0, 0, 0])
([1, 0, 0, 0, 0, 0, 0, 0, 0, 0], [2, 2, 15, 1, 1, 1, 1, 1, 1])
([-1, 1, 0, 0, 0, 0, 0, 0, 0, 0], [0, 11, 26, 1, 1, 1, 1, 1, 1])
([1, 1, 0, -1, 0, 0, 0, 0, 0, 0], [0, 6, 0, 2, 33, 2, 2, 2, 2])
([-1, 1, 0, -1, 0, 1, 0, 0, 0, 0], [0, 6, 0, 6, 0, 5, 5, 6, 8])
([1, 1, 0, -1, 0, 1, 0, -1, 0, 0], [0, 4, 0, 1, 0, 1, 0, 1, 1])
([-1, 1, 0, -1, 0, 1, 0, -1, 1, 0], [0, 6, 0, 3, 0, 1, 0, 0, 1])
([1, 1, -1, -1, 0, 1, 0, -1, 1, 0], [0, 0, 0, 3, 0, 1, 0, 0, 2])
([-1, 1, -1, -1, 1, 1, 0, -1, 1, 0], [0, 0, 0, 0, 0, 2, 0, 0, 2])
([1, 1, -1, -1, 1, 1, 0, -1, 1, -1], [0, 0, 0, 0, 0, 1, 0, 0, 0])
([1, 0, 0, 0, 0, 0, 0, 0, 0, 0], [5, 3, 3, 5, 3, 1, 1, 1, 1])
([-1, 0, 0, 0, 0, 1, 0, 0, 0, 0], [10, 5, 5, 12, 0, 5, 7, 9, 10])
([1, 0, 0, 0, 0, 1, 0, 0, 0, -1], [1, 1, 10, 1, 0, 1, 1, 1, 0])
([-1, 0, 1, 0, 0, 1, 0, 0, 0, -1], [7, 0, 4, 5, 0, 5, 3, 3, 0])
([1, 0, 1, 0, 0, 1, 0, 0, -1, -1], [1, 0, 19, 1, 0, 1, 1, 0, 0])
([-1, 0, 1, 1, 0, 1, 0, 0, -1, -1], [5, 0, 0, 4, 0, 4, 4, 0, 0])
([1, -1, 1, 1, 0, 1, 0, 0, -1, -1], [0, 0, 0, 6, 0, 1, 1, 0, 0])
([1, 0, 0, 0, 0, 0, 0, 0, 0, 0], [3, 2, 5, 3, 46, 1, 1, 1, 1])
([-1, 0, 0, 0, 0, 1, 0, 0, 0, 0], [13, 9, 13, 7, 0, 7, 13, 7, 7])
([1, 0, 0, 0, -1, 1, 0, 0, 0, 0], [3, 5, 2, 0, 0, 3, 24, 1, 1])
([-1, 0, 1, 0, -1, 1, 0, 0, 0, 0], [4, 0, 12, 0, 0, 3, 3, 3, 3])
([1, 0, 1, 0, -1, 1, -1, 0, 0, 0], [2, 0, 19, 0, 0, 0, 1, 1, 1])
([-1, 0, 1, 1, -1, 1, -1, 0, 0, 0], [5, 0, 0, 0, 0, 0, 4, 4, 4])
([1, 0, 1, 1, -1, 1, -1, 0, -1, 0], [1, 0, 0, 0, 0, 0, 6, 0, 1])
([-1, 0, 1, 1, -1, 1, -1, 0, -1, 1], [3, 0, 0, 0, 0, 0, 3, 0, 0])
([1, 0, 1, 1, -1, 1, -1, -1, -1, 1], [3, 0, 0, 0, 0, 0, 0, 0, 0])
([1, 0, 0, 0, 0, 0, 0, 0, 0, 0], [2, 2, 3, 5, 82, 1, 1, 1, 1])
([-1, 0, 0, 0, 0, 1, 0, 0, 0, 0], [6, 6, 15, 9, 0, 5, 9, 11, 7])
([1, 0, 0, 0, 0, 1, -1, 0, 0, 0], [3, 2, 40, 1, 0, 0, 1, 1, 1])
([-1, 0, 0, 1, 0, 1, -1, 0, 0, 0], [7, 5, 0, 6, 0, 0, 5, 5, 5])
([1, 0, -1, 1, 0, 1, -1, 0, 0, 0], [7, 0, 0, 1, 0, 0, 1, 1, 2])
([-1, 1, -1, 1, 0, 1, -1, 0, 0, 0], [0, 0, 0, 2, 0, 0, 3, 1, 1])
([1, 1, -1, 1, -1, 1, -1, 0, 0, 0], [0, 0, 0, 0, 0, 0, 2, 2, 1])
([1, 0, 0, 0, 0, 0, 0, 0, 0, 0], [3, 60, 1, 1, 1, 1, 1, 11, 1])
([-1, 0, 1, 0, 0, 0, 0, 0, 0, 0], [2, 0, 20, 2, 2, 3, 3, 9, 2])
([1, 0, 1, 0, 0, 0, 0, 0, -1, 0], [1, 0, 91, 1, 1, 1, 1, 0, 1])
([-1, 0, 1, 1, 0, 0, 0, 0, -1, 0], [17, 0, 0, 17, 18, 17, 17, 0, 17])
([1, 0, 1, 1, -1, 0, 0, 0, -1, 0], [15, 0, 0, 0, 1, 1, 1, 0, 1])
([1, 0, 0, 0, 0, 0, 0, 0, 0, 0], [2, 2, 27, 1, 1, 1, 1, 2, 1])
([-1, 0, 0, 1, 0, 0, 0, 0, 0, 0], [4, 3, 0, 4, 4, 2, 2, 2, 2])
([1, 0, -1, 1, 0, 0, 0, 0, 0, 0], [3, 0, 0, 2, 1, 2, 1, 1, 1])
([-1, 0, -1, 1, 1, 0, 0, 0, 0, 0], [1, 0, 0, 0, 1, 1, 1, 1, 1])
([1, 0, -1, 1, 1, -1, 0, 0, 0, 0], [1, 0, 0, 0, 0, 1, 1, 3, 1])
([-1, 0, -1, 1, 1, -1, 0, 0, 1, 0], [1, 0, 0, 0, 0, 1, 1, 0, 1])
([1, 0, -1, 1, 1, -1, -1, 0, 1, 0], [1, 0, 0, 0, 0, 0, 3, 0, 1])
([-1, 0, -1, 1, 1, -1, -1, 1, 1, 0], [1, 0, 0, 0, 0, 0, 0, 0, 1])
([1, -1, -1, 1, 1, -1, -1, 1, 1, 0], [0, 0, 0, 0, 0, 0, 0, 0, 3])
([1, 0, 0, 0, 0, 0, 0, 0, 0, 0], [1, 1, 1, 1, 1, 1, 80, 1, 1])
([-1, 0, 0, 0, 0, 0, 0, 1, 0, 0], [8, 6, 24, 6, 10, 6, 0, 6, 6])
([1, 0, 0, -1, 0, 0, 0, 1, 0, 0], [1, 1, 0, 1, 1, 12, 0, 1, 1])
([-1, 0, 0, -1, 0, 1, 0, 1, 0, 0], [4, 8, 0, 3, 0, 2, 0, 12, 2])
([1, 0, 0, -1, 0, 1, 0, 1, -1, 0], [2, 3, 0, 17, 0, 1, 0, 0, 1])
([-1, 0, 0, -1, 1, 1, 0, 1, -1, 0], [5, 2, 0, 0, 0, 9, 0, 0, 3])
([1, 0, 0, 0, 0, 0, 0, 0, 0, 0], [3, 2, 2, 14, 1, 1, 1, 1, 2])
([-1, 0, 0, 0, 1, 0, 0, 0, 0, 0], [5, 9, 11, 0, 9, 5, 11, 5, 5])
([1, 0, 0, 0, 1, 0, -1, 0, 0, 0], [2, 3, 9, 0, 1, 0, 1, 1, 1])
([-1, 0, 0, 1, 1, 0, -1, 0, 0, 0], [3, 3, 0, 0, 2, 0, 2, 2, 2])
([1, 0, -1, 1, 1, 0, -1, 0, 0, 0], [2, 0, 0, 0, 1, 0, 1, 1, 2])
([-1, 1, -1, 1, 1, 0, -1, 0, 0, 0], [0, 0, 0, 0, 1, 0, 1, 1, 1])
([1, 1, -1, 1, 1, 0, -1, 0, -1, 0], [0, 0, 0, 0, 3, 0, 1, 0, 1])
([1, 0, 0, 0, 0, 0, 0, 0, 0, 0], [9, 2, 3, 2, 38, 1, 1, 2, 1])
([-1, 0, 0, 0, 0, 1, 0, 0, 0, 0], [4, 4, 11, 6, 0, 4, 6, 5, 4])
([1, 0, 0, -1, 0, 1, 0, 0, 0, 0], [2, 5, 0, 15, 0, 3, 1, 1, 1])
([-1, 0, 0, -1, 1, 1, 0, 0, 0, 0], [5, 1, 0, 0, 0, 1, 1, 1, 1])
([1, 0, -1, -1, 1, 1, 0, 0, 0, 0], [1, 0, 0, 0, 0, 1, 1, 1, 8])
([-1, 1, -1, -1, 1, 1, 0, 0, 0, 0], [0, 0, 0, 0, 0, 5, 1, 2, 1])
([1, 1, -1, -1, 1, 1, 0, 0, 0, -1], [0, 0, 0, 0, 0, 2, 2, 1, 0])
([-1, 1, -1, -1, 1, 1, 0, 1, 0, -1], [0, 0, 0, 0, 0, 3, 0, 2, 0])
([1, 0, 0, 0, 0, 0, 0, 0, 0, 0], [1, 1, 1, 1, 1, 1, 51, 1, 1])
([-1, 0, 0, 0, 0, 0, 0, 1, 0, 0], [5, 5, 8, 8, 6, 4, 0, 4, 4])
([1, 0, 0, 0, -1, 0, 0, 1, 0, 0], [37, 1, 1, 0, 1, 1, 0, 1, 3])
([-1, 0, 0, 0, -1, 1, 0, 1, 0, 0], [3, 3, 2, 0, 0, 2, 0, 2, 2])
([1, 0, 0, 0, -1, 1, 0, 1, -1, 0], [1, 1, 8, 0, 0, 1, 0, 0, 1])
([1, 0, 0, 0, 0, 0, 0, 0, 0, 0], [3, 2, 2, 2, 41, 1, 1, 1, 1])
([-1, 0, 0, 0, 0, 1, 0, 0, 0, 0], [4, 4, 15, 9, 0, 4, 4, 5, 5])
([1, 0, 0, -1, 0, 1, 0, 0, 0, 0], [2, 5, 0, 15, 0, 1, 1, 1, 1])
([-1, 0, 1, -1, 0, 1, 0, 0, 0, 0], [1, 0, 0, 1, 0, 1, 3, 1, 1])
([1, 0, 1, -1, 0, 1, -1, 0, 0, 0], [4, 0, 0, 3, 0, 0, 2, 2, 2])
([-1, 1, 1, -1, 0, 1, -1, 0, 0, 0], [0, 0, 0, 1, 0, 0, 1, 1, 6])
([1, 0, 0, 0, 0, 0, 0, 0, 0, 0], [2, 39, 11, 1, 1, 1, 1, 1, 1])
([-1, 1, 0, 0, 0, 0, 0, 0, 0, 0], [0, 1, 1, 1, 14, 1, 1, 1, 1])
([1, 1, 0, 0, 0, -1, 0, 0, 0, 0], [0, 3, 3, 3, 0, 6, 3, 28, 6])
([-1, 1, 0, 0, 0, -1, 0, 0, 1, 0], [0, 2, 2, 3, 0, 12, 3, 0, 1])
([1, 1, 0, 0, 0, -1, 0, -1, 1, 0], [0, 11, 1, 3, 0, 1, 0, 0, 1])
([-1, 1, 1, 0, 0, -1, 0, -1, 1, 0], [0, 0, 6, 1, 0, 1, 0, 0, 1])
([1, 0, 0, 0, 0, 0, 0, 0, 0, 0], [7, 3, 3, 2, 7, 3, 7, 29, 1])
([-1, 1, 0, 0, 0, 0, 0, 0, 0, 0], [0, 2, 46, 1, 1, 1, 1, 16, 1])
([1, 1, 0, -1, 0, 0, 0, 0, 0, 0], [0, 2, 0, 2, 9, 9, 1, 1, 3])
([-1, 1, 0, -1, 0, 0, 0, 0, 0, 1], [0, 3, 0, 2, 2, 2, 2, 27, 0])
([1, 1, 0, -1, 0, 0, 0, -1, 0, 1], [0, 3, 0, 3, 9, 4, 0, 3, 0])
([-1, 1, 0, -1, 0, 0, 1, -1, 0, 1], [0, 1, 0, 9, 1, 0, 0, 1, 0])
([1, 1, 0, -1, -1, 0, 1, -1, 0, 1], [0, 3, 0, 0, 5, 0, 0, 2, 0])
([-1, 1, 0, -1, -1, 1, 1, -1, 0, 1], [0, 4, 0, 0, 0, 0, 0, 2, 0])
([1, 0, 0, 0, 0, 0, 0, 0, 0, 0], [5, 3, 3, 7, 3, 38, 1, 1, 1])
([-1, 0, 0, 0, 0, 1, 0, 0, 0, 0], [6, 8, 14, 5, 0, 8, 10, 5, 4])
([1, 0, -1, 0, 0, 1, 0, 0, 0, 0], [9, 0, 1, 1, 0, 1, 1, 3, 1])
([-1, 1, -1, 0, 0, 1, 0, 0, 0, 0], [0, 0, 4, 3, 0, 4, 6, 2, 2])
([1, 1, -1, 0, 0, 1, -1, 0, 0, 0], [0, 0, 2, 3, 0, 0, 15, 1, 1])
([-1, 1, -1, 0, 0, 1, -1, 0, 0, 1], [0, 0, 2, 5, 0, 0, 7, 1, 0])
([1, 1, -1, 0, -1, 1, -1, 0, 0, 1], [0, 0, 1, 0, 0, 0, 6, 1, 0])
([-1, 1, -1, 0, -1, 1, -1, 1, 0, 1], [0, 0, 3, 0, 0, 0, 0, 2, 0])
([1, 1, -1, 0, -1, 1, -1, 1, -1, 1], [0, 0, 3, 0, 0, 0, 0, 0, 0])
([1, 0, 0, 0, 0, 0, 0, 0, 0, 0], [2, 2, 2, 2, 97, 1, 1, 1, 1])
([-1, 0, 0, 0, 0, 1, 0, 0, 0, 0], [2, 2, 2, 2, 0, 2, 6, 2, 2])
([1, 0, 0, 0, 0, 1, 0, 0, 0, -1], [1, 1, 10, 1, 0, 1, 1, 1, 0])
([-1, 0, 0, 1, 0, 1, 0, 0, 0, -1], [7, 6, 0, 6, 0, 6, 6, 6, 0])
([1, 0, -1, 1, 0, 1, 0, 0, 0, -1], [1, 0, 0, 1, 0, 1, 1, 7, 0])
([-1, 0, -1, 1, 0, 1, 1, 0, 0, -1], [3, 0, 0, 3, 0, 0, 3, 2, 0])
([1, -1, -1, 1, 0, 1, 1, 0, 0, -1], [0, 0, 0, 1, 0, 0, 5, 1, 0])
([1, 0, 0, 0, 0, 0, 0, 0, 0, 0], [1, 1, 1, 1, 60, 1, 1, 1, 1])
([-1, 0, 0, 0, 0, 1, 0, 0, 0, 0], [3, 3, 6, 5, 0, 3, 5, 3, 8])
([1, 0, 0, 0, 0, 1, 0, 0, 0, -1], [1, 1, 1, 10, 0, 1, 1, 1, 0])
([-1, 0, 0, 0, 1, 1, 0, 0, 0, -1], [4, 3, 2, 0, 0, 2, 2, 2, 0])
([1, 0, 0, 0, 1, 1, -1, 0, 0, -1], [1, 1, 8, 0, 0, 0, 1, 1, 0])
([-1, 0, 0, 0, 1, 1, -1, 0, 1, -1], [4, 2, 2, 0, 0, 0, 2, 0, 0])
([1, -1, 0, 0, 1, 1, -1, 0, 1, -1], [0, 3, 1, 0, 0, 0, 3, 0, 0])
([-1, -1, 0, 0, 1, 1, -1, 1, 1, -1], [0, 3, 3, 0, 0, 0, 0, 0, 0])
([1, -1, -1, 0, 1, 1, -1, 1, 1, -1], [0, 0, 3, 0, 0, 0, 0, 0, 0])
